1	
1	
1	
1	
1	
1	
1	
1	
1	
1	
1	
1	
1	
1	
1	
1	
1	
1	
1	
1	
1	
1	
1	
1	
1	
1	
1	
1	
1	
1	
1	
1	
1	
1	
1	
1	
1	
1	
1	
1	
0.999997462	
0.999931743	
0.999865844	
0.999800199	
0.999734948	
0.999669634	
0.999603787	
0.999538347	
0.999473094	
0.999407514	
0.999342005	
0.999276492	
0.999210902	
0.999145525	
0.999080076	
0.999014496	
0.998948982	
0.998883582	
0.998818155	
0.99875284	
0.998687309	
0.998621876	
0.998556299	
0.998490577	
0.998425139	
0.998359552	
0.998294488	
0.998228391	
0.998153178	
0.9980222	
0.997891365	
0.997760632	
0.997629801	
0.997498957	
0.997368057	
0.997236608	
0.997105894	
0.996974659	
0.996843555	
0.996711794	
0.996617414	
0.996682615	
0.996748034	
0.996813567	
0.996878651	
0.996943749	
0.997009345	
0.997074692	
0.997124385	
0.997124415	
0.997124446	
0.997124473	
0.997124507	
0.997124535	
0.997124563	
0.997124592	
0.997124625	
0.997124653	
0.997124686	
0.997124718	
0.997124752	
0.997124787	
0.99712482	
0.997124851	
0.997104176	
0.997038602	
0.996973351	
0.9969079	
0.996842576	
0.996777199	
0.996711595	
0.996646292	
0.996580571	
0.996514804	
0.996449221	
0.996383825	
0.996318126	
0.996252809	
0.996187357	
0.996121781	
0.996056389	
0.995991065	
0.995925547	
0.995860158	
0.995795351	
0.995729127	
0.995663864	
0.995598486	
0.99550782	
0.995375884	
0.995244545	
0.995113576	
0.99498273	
0.99485175	
0.994720761	
0.994590038	
0.994458689	
0.994326853	
0.994195954	
0.994065111	
0.994024115	
0.994089449	
0.99415454	
0.994220086	
0.994285163	
0.994350635	
0.994416112	
0.994481519	
0.994482443	
0.994416803	
0.99435142	
0.994285632	
0.994220189	
0.994154411	
0.994088629	
0.994023124	
0.993957705	
0.993892029	
0.993826708	
0.993760927	
0.99369555	
0.993630287	
0.993564838	
0.993498941	
0.993433686	
0.993368169	
0.993302917	
0.993237586	
0.99317215	
0.993106635	
0.993040912	
0.992975218	
0.992909634	
0.992844242	
0.992778733	
0.992713218	
0.992647641	
0.99258206	
0.992516672	
0.992450767	
0.992385315	
0.992320043	
0.992254415	
0.992189158	
0.992123504	
0.992057933	
0.991992677	
0.991927096	
0.99186184	
0.991796585	
0.991731132	
0.991665616	
0.991557421	
0.991426742	
0.991295505	
0.991164676	
0.991033704	
0.990902714	
0.990771223	
0.990639988	
0.990508358	
0.9903771	
0.990246014	
0.990114356	
0.990123209	
0.990188424	
0.990253716	
0.990319386	
0.990384593	
0.990449742	
0.990515347	
0.990580769	
0.990597037	
0.990597069	
0.990597098	
0.990597129	
0.990597158	
0.990597187	
0.990597211	
0.990597242	
0.990597272	
0.990597302	
0.990597338	
0.990597367	
0.990597395	
0.990597426	
0.990597456	
0.99059749	
0.99054477	
0.990479193	
0.990413683	
0.990348815	
0.990282856	
0.990217339	
0.990152536	
0.990086379	
0.990021093	
0.989955342	
0.989889508	
0.989823983	
0.989758079	
0.989692701	
0.989627107	
0.989561206	
0.989495881	
0.989430506	
0.989365122	
0.989299534	
0.989234033	
0.989168649	
0.989103394	
0.989038015	
0.988972566	
0.988907115	
0.988841599	
0.988776274	
0.988710881	
0.988645509	
0.988580131	
0.988514424	
0.988448906	
0.98838344	
0.988318133	
0.988252617	
0.987756826	
0.98722925	
0.986705196	
0.986181109	
0.985654973	
0.985131924	
0.984606236	
0.984082764	
0.983746965	
0.98341951	
0.983092626	
0.98276508	
0.982435918	
0.98210642	
0.981778217	
0.98144939	
0.981121517	
0.980793972	
0.980467414	
0.980139755	
0.979811353	
0.979482827	
0.979154971	
0.978826437	
0.978498892	
0.978169355	
0.977841534	
0.97751395	
0.977184153	
0.976856627	
0.976527776	
0.976233128	
0.976364118	
0.976495398	
0.976625591	
0.97675664	
0.976887317	
0.977018045	
0.977148921	
0.977244061	
0.977112567	
0.976981693	
0.976849932	
0.976718837	
0.976587844	
0.976456754	
0.976325755	
0.976194652	
0.976063929	
0.975932416	
0.975801059	
0.975669417	
0.975538184	
0.975406944	
0.97527569	
0.975144462	
0.975013481	
0.974882595	
0.974751646	
0.974620404	
0.974488504	
0.97435791	
0.974227059	
0.97409646	
0.973965349	
0.973834088	
0.973702317	
0.973571356	
0.973439685	
0.973308084	
0.973176558	
0.973156746	
0.973417631	
0.973679584	
0.97394227	
0.974202639	
0.974464062	
0.974725205	
0.974985573	
0.975162727	
0.975162759	
0.975162788	
0.975162816	
0.975162844	
0.975162874	
0.975162902	
0.975162931	
0.975162962	
0.975162989	
0.975163019	
0.975163047	
0.975163077	
0.975163105	
0.975163135	
0.975163164	
0.975163191	
0.975163218	
0.975163248	
0.975163274	
0.975163298	
0.975163322	
0.975163352	
0.975163377	
0.975163401	
0.975163428	
0.975163458	
0.975163489	
0.975163519	
0.975163548	
0.975163575	
0.975163604	
0.975163627	
0.975163656	
0.975163684	
0.975163712	
0.975163741	
0.975163765	
0.975163792	
0.975163819	
0.97516383	
0.97516383	
0.975163857	
0.975163882	
0.975163911	
0.975163936	
0.975163963	
0.975163992	
0.975164021	
0.97516405	
0.97516408	
0.975164108	
0.975164142	
0.975164169	
0.975164201	
0.975164233	
0.975164264	
0.975164299	
0.975162693	
0.975096988	
0.975031277	
0.974965806	
0.974900373	
0.974834852	
0.974769201	
0.974703618	
0.974638161	
0.974573475	
0.974507383	
0.974441921	
0.974376216	
0.97431044	
0.974244553	
0.97417915	
0.974113824	
0.974048181	
0.973982532	
0.973917011	
0.97385155	
0.973786098	
0.973720381	
0.97365487	
0.97358935	
0.973523993	
0.973458316	
0.973392801	
0.973314659	
0.973183572	
0.97305272	
0.972922003	
0.97279037	
0.972659613	
0.972528408	
0.972396768	
0.972266007	
0.972134551	
0.972003438	
0.971871805	
0.971785545	
0.971850771	
0.971916237	
0.971981389	
0.972046875	
0.972112149	
0.972177229	
0.972242793	
0.97229081	
0.972290835	
0.972290861	
0.97229089	
0.972290915	
0.97229094	
0.972290965	
0.972290991	
0.972291018	
0.97229105	
0.972291078	
0.972291107	
0.972291136	
0.972291164	
0.972291191	
0.972291223	
0.97226964	
0.972203796	
0.97213828	
0.972072774	
0.972007198	
0.971941998	
0.971876027	
0.971810646	
0.971745123	
0.971679227	
0.971613329	
0.971548007	
0.971482434	
0.971416778	
0.971351525	
0.971286075	
0.971220806	
0.971155433	
0.971089911	
0.971024266	
0.970958811	
0.97089346	
0.970827578	
0.970761993	
0.970667323	
0.970535839	
0.970404323	
0.970273075	
0.970141722	
0.970010964	
0.969879889	
0.96974878	
0.969618037	
0.969486822	
0.96935584	
0.969224472	
0.969191151	
0.969256437	
0.969321903	
0.96938725	
0.969452482	
0.969517945	
0.969583224	
0.969647982	
0.969643375	
0.969578051	
0.969512789	
0.969446944	
0.969381555	
0.969316095	
0.969250787	
0.969185461	
0.969119819	
0.96905423	
0.968988768	
0.968922925	
0.968857332	
0.968791861	
0.968726277	
0.968660609	
0.96859489	
0.96852923	
0.968463817	
0.968398439	
0.96833311	
0.968267717	
0.968202127	
0.968136473	
0.968070816	
0.968005553	
0.96793989	
0.967874438	
0.967808969	
0.967743383	
0.967677857	
0.967612397	
0.96754687	
0.967481344	
0.967415955	
0.96735029	
0.967284708	
0.967219368	
0.967153841	
0.967088197	
0.967022327	
0.966956752	
0.966891289	
0.966825887	
0.966713614	
0.966582504	
0.966451506	
0.966320282	
0.966188618	
0.966057155	
0.965925916	
0.965794525	
0.965663033	
0.965532183	
0.965401938	
0.965268918	
0.965295219	
0.965360877	
0.965426156	
0.965491639	
0.965557239	
0.965622448	
0.965687597	
0.965753074	
0.965763365	
0.965763392	
0.965763417	
0.965763444	
0.96576347	
0.965763498	
0.965763528	
0.965763553	
0.965763582	
0.965763608	
0.965763633	
0.965763653	
0.965763678	
0.965763704	
0.96576373	
0.965763756	
0.965704553	
0.965638956	
0.96557332	
0.965507989	
0.965442227	
0.965376782	
0.965311216	
0.965245557	
0.965180171	
0.965114593	
0.965049018	
0.964983632	
0.964918898	
0.964852732	
0.964787268	
0.964721498	
0.964655925	
0.964590598	
0.964525095	
0.964459507	
0.964393666	
0.964328089	
0.964262696	
0.964196918	
0.964131336	
0.964066076	
0.964000299	
0.963934977	
0.963869715	
0.96380401	
0.963738095	
0.963672258	
0.96360649	
0.9635411	
0.963475785	
0.963380589	
0.962855968	
0.962331455	
0.961806306	
0.961282181	
0.960757174	
0.960231473	
0.959707942	
0.959203369	
0.958875797	
0.958546656	
0.958218772	
0.957889187	
0.95756135	
0.957234519	
0.956906927	
0.956579426	
0.956249913	
0.955921401	
0.955593866	
0.955266927	
0.954937785	
0.954608937	
0.954279726	
0.953952218	
0.953625006	
0.95329676	
0.952968945	
0.952642044	
0.952313194	
0.951984018	
0.951654421	
0.951430117	
0.951560706	
0.95169172	
0.951822835	
0.951953704	
0.952084851	
0.952215704	
0.952346306	
0.952403885	
0.952272897	
0.952141642	
0.952009763	
0.951878783	
0.95174702	
0.951616167	
0.951485564	
0.951354082	
0.951223224	
0.951091978	
0.950961143	
0.950830159	
0.95069892	
0.950568065	
0.95043697	
0.950305577	
0.950174886	
0.950043772	
0.949912147	
0.949781023	
0.949649288	
0.949518679	
0.949387834	
0.949256706	
0.949125737	
0.948994485	
0.94886285	
0.948731739	
0.94859996	
0.948468342	
0.948337231	
0.948370454	
0.948632899	
0.948894849	
0.949157543	
0.949418696	
0.949679902	
0.949940737	
0.950203188	
0.950339743	
0.95033977	
0.9503398	
0.950339831	
0.950339861	
0.950339893	
0.950339923	
0.95033995	
0.950339978	
0.950340007	
0.950340038	
0.950340068	
0.950340094	
0.950340123	
0.950340154	
0.950340185	
0.950340215	
0.950340245	
0.950340271	
0.950340298	
0.950340323	
0.950340349	
0.950340375	
0.9503404	
0.950340429	
0.950340456	
0.950340484	
0.950340513	
0.950340541	
0.950340569	
0.950340596	
0.950340622	
0.950340648	
0.950340675	
0.9503407	
0.950340726	
0.950340753	
0.950340781	
0.950340811	
0.95034084	
0.950340848	
0.950340848	
0.950340872	
0.950340898	
0.950340926	
0.950340953	
0.950340981	
0.950341009	
0.95034104	
0.950341068	
0.950341101	
0.950341126	
0.950341154	
0.950341181	
0.950341216	
0.950341247	
0.950341276	
0.950341306	
0.950337738	
0.950272103	
0.950206658	
0.950141005	
0.950075688	
0.95000978	
0.94994419	
0.949878606	
0.949813071	
0.949747765	
0.949682312	
0.94961703	
0.949551613	
0.949485765	
0.949420307	
0.949354722	
0.949289203	
0.949223677	
0.949158233	
0.949092442	
0.949027001	
0.948961352	
0.948895695	
0.948829986	
0.948764267	
0.948698881	
0.948633297	
0.948567705	
0.94848909	
0.948357852	
0.948226467	
0.948095238	
0.947964129	
0.947833265	
0.947702179	
0.947570795	
0.947439431	
0.947308455	
0.947177564	
0.947046111	
0.946957842	
0.947022994	
0.947088339	
0.94715349	
0.947218722	
0.947284181	
0.947349401	
0.947414809	
0.947463912	
0.947463941	
0.947463962	
0.947463988	
0.947464011	
0.947464036	
0.947464061	
0.947464085	
0.947464112	
0.947464134	
0.947464158	
0.947464185	
0.947464214	
0.947464245	
0.947464276	
0.947464308	
0.947442988	
0.947377541	
0.947311772	
0.947246455	
0.947180851	
0.947115095	
0.947049642	
0.946983862	
0.946918353	
0.94685277	
0.946787449	
0.946722	
0.946656215	
0.946590453	
0.946525182	
0.946459477	
0.946394027	
0.946328767	
0.946263365	
0.946197866	
0.946132474	
0.946067066	
0.946001506	
0.945936244	
0.945839898	
0.945708787	
0.945577488	
0.945446821	
0.94531584	
0.945184727	
0.945053096	
0.944922118	
0.944790353	
0.944658849	
0.944527731	
0.944396361	
0.94436376	
0.944429186	
0.944494509	
0.944559921	
0.944625005	
0.944690347	
0.944755952	
0.94482136	
0.944817505	
0.944751982	
0.94468647	
0.944621081	
0.944555304	
0.944489653	
0.944424266	
0.944358806	
0.9442931	
0.944227507	
0.944161998	
0.944096609	
0.944031185	
0.943965618	
0.943900091	
0.943834687	
0.943769169	
0.943703569	
0.943637838	
0.943572521	
0.943507048	
0.943441733	
0.943376278	
0.943310874	
0.943245421	
0.943179836	
0.943114108	
0.943048591	
0.942983065	
0.942917281	
0.942852017	
0.942786358	
0.942720903	
0.942655314	
0.942589968	
0.942524457	
0.942458677	
0.94239399	
0.942327695	
0.942262301	
0.942196637	
0.942131122	
0.942065402	
0.941999877	
0.941887852	
0.941756988	
0.941625494	
0.941494277	
0.941362603	
0.941231008	
0.941099623	
0.940967993	
0.94083689	
0.940705874	
0.940574661	
0.940443811	
0.940466518	
0.940531848	
0.940597067	
0.940662475	
0.940727555	
0.940792776	
0.940857987	
0.940923392	
0.94093557	
0.940935596	
0.940935621	
0.940935644	
0.940935666	
0.940935693	
0.940935718	
0.94093574	
0.940935763	
0.94093579	
0.940935813	
0.940935836	
0.940935863	
0.940935889	
0.940935918	
0.940935942	
0.94087839	
0.940812927	
0.940747339	
0.940681693	
0.940616113	
0.940550507	
0.940485013	
0.940419562	
0.940354029	
0.940288725	
0.940223339	
0.940157694	
0.940092373	
0.940026853	
0.939961521	
0.939895687	
0.939830099	
0.93976445	
0.939698998	
0.939633719	
0.93956827	
0.939502832	
0.939437565	
0.939371733	
0.939306408	
0.939240952	
0.939175632	
0.939110375	
0.93904478	
0.938978879	
0.938913479	
0.938847716	
0.938782199	
0.938716554	
0.938650904	
0.938564494	
0.938037772	
0.937514776	
0.936989516	
0.936461946	
0.935938398	
0.935413511	
0.934888698	
0.93437919	
0.934051629	
0.933723769	
0.933396257	
0.933068389	
0.932741507	
0.932412268	
0.932083823	
0.931754981	
0.931425478	
0.93109787	
0.930770383	
0.930442461	
0.930115634	
0.929787997	
0.929458909	
0.929131374	
0.92880264	
0.928473689	
0.928146138	
0.927818502	
0.927491066	
0.927163836	
0.926834944	
0.926582405	
0.926713051	
0.926844259	
0.926974598	
0.927105081	
0.927236325	
0.927366792	
0.927495312	
0.927569874	
0.927438068	
0.927306602	
0.927175626	
0.927044748	
0.926913278	
0.92678269	
0.926652437	
0.926519675	
0.926388548	
0.926256805	
0.926125817	
0.925994554	
0.92586346	
0.925732738	
0.925601499	
0.925470382	
0.925339531	
0.925208654	
0.925077571	
0.924946584	
0.924815473	
0.9246841	
0.924553095	
0.92442174	
0.924290359	
0.924158852	
0.924028127	
0.923897143	
0.923765876	
0.923634785	
0.923503653	
0.923513199	
0.923773828	
0.924034351	
0.924295609	
0.924557016	
0.92481868	
0.925079552	
0.925339661	
0.925500086	
0.925500113	
0.925500139	
0.925500165	
0.925500194	
0.925500218	
0.925500246	
0.925500273	
0.9255003	
0.925500329	
0.925500361	
0.925500388	
0.925500419	
0.925500448	
0.925500474	
0.9255005	
0.925500524	
0.925500547	
0.925500571	
0.925500599	
0.925500625	
0.925500655	
0.925500681	
0.925500708	
0.925500733	
0.925500756	
0.925500784	
0.925500808	
0.925500832	
0.925500858	
0.925500884	
0.925500912	
0.925500938	
0.925500967	
0.925500991	
0.925501012	
0.925501037	
0.925501064	
0.925501089	
0.925501113	
0.925501123	
0.925501123	
0.925501145	
0.925501169	
0.925501192	
0.925501214	
0.92550124	
0.925501266	
0.925501289	
0.925501318	
0.925501345	
0.92550137	
0.925501397	
0.92550142	
0.925501447	
0.92550148	
0.925501505	
0.925501532	
0.925498618	
0.925432899	
0.9253672	
0.925301684	
0.925236222	
0.925170452	
0.925105063	
0.925039589	
0.92497409	
0.924908766	
0.924843244	
0.924777787	
0.924712071	
0.924646745	
0.924581162	
0.924515643	
0.924450125	
0.924384408	
0.924318747	
0.924253368	
0.924187914	
0.924122135	
0.924056551	
0.923991156	
0.923925377	
0.92385999	
0.923794522	
0.923729018	
0.923652721	
0.923522112	
0.923391015	
0.923260169	
0.923128915	
0.922997805	
0.922866674	
0.922735314	
0.922603932	
0.922472911	
0.92234142	
0.92221058	
0.922122093	
0.922187564	
0.922252853	
0.922317934	
0.92238353	
0.922448892	
0.92251455	
0.922579759	
0.922627036	
0.922627063	
0.922627091	
0.922627117	
0.922627143	
0.92262717	
0.922627199	
0.922627227	
0.92262725	
0.922627277	
0.922627301	
0.922627326	
0.922627353	
0.922627378	
0.922627406	
0.922627432	
0.92260395	
0.922538574	
0.922473054	
0.922407407	
0.922341627	
0.922276171	
0.922210397	
0.922145071	
0.922079479	
0.922013774	
0.921948183	
0.92188272	
0.921817271	
0.921751754	
0.921686101	
0.92162046	
0.921554871	
0.921489224	
0.921423382	
0.921358056	
0.921292396	
0.921226812	
0.921161287	
0.921095893	
0.921000645	
0.920869485	
0.920738547	
0.920607566	
0.920476193	
0.920344686	
0.920213481	
0.920082063	
0.919951078	
0.919820077	
0.919689371	
0.91955839	
0.919529182	
0.919594587	
0.919659754	
0.919725018	
0.919790362	
0.919855409	
0.919920982	
0.919986132	
0.919977958	
0.919912366	
0.91984665	
0.919781189	
0.919715476	
0.919650071	
0.919584757	
0.919519231	
0.919453889	
0.919388312	
0.919322465	
0.919256923	
0.919191539	
0.919125742	
0.919060217	
0.918994433	
0.918929024	
0.918863569	
0.918797915	
0.918732256	
0.918666801	
0.918601408	
0.918535683	
0.918470223	
0.918404754	
0.918339239	
0.91827391	
0.91820838	
0.918142658	
0.918076801	
0.918011448	
0.917945946	
0.91788022	
0.917814761	
0.917749109	
0.917683707	
0.917617985	
0.917552465	
0.917486671	
0.917421221	
0.917355371	
0.917289649	
0.917224056	
0.917158466	
0.917042396	
0.916911798	
0.916781173	
0.916649966	
0.916518986	
0.916387724	
0.916256629	
0.916126036	
0.91599516	
0.9158634	
0.915731886	
0.915600263	
0.915626876	
0.915692169	
0.9157577	
0.915823299	
0.915888456	
0.915953788	
0.916019269	
0.916084733	
0.916094225	
0.916094249	
0.916094273	
0.916094298	
0.916094322	
0.916094348	
0.916094375	
0.916094398	
0.916094422	
0.916094449	
0.916094473	
0.916094497	
0.916094521	
0.916094547	
0.916094572	
0.916094596	
0.916032518	
0.915967065	
0.915901478	
0.915835822	
0.915770171	
0.915704468	
0.915638692	
0.915573166	
0.915507332	
0.915441615	
0.915375775	
0.91531037	
0.915244977	
0.915179658	
0.915114137	
0.91504868	
0.914983297	
0.914917974	
0.914852262	
0.914786482	
0.914721225	
0.9146555	
0.914589925	
0.914524102	
0.914458492	
0.914393172	
0.91432759	
0.914262065	
0.914196481	
0.91413062	
0.914064849	
0.913999242	
0.913933747	
0.913868221	
0.913802448	
0.9136923	
0.913168756	
0.91264411	
0.912120105	
0.911596563	
0.911070863	
0.910547311	
0.910023771	
0.909522946	
0.909195073	
0.908870725	
0.908538032	
0.908210163	
0.907882556	
0.907553114	
0.907225896	
0.90689704	
0.906569827	
0.906241219	
0.905913415	
0.905585214	
0.905257349	
0.904927835	
0.904599309	
0.904272091	
0.903944551	
0.903616289	
0.903288119	
0.90295833	
0.902629425	
0.902299653	
0.901972114	
0.901777184	
0.901907653	
0.902038525	
0.902169892	
0.902300496	
0.902431113	
0.902561851	
0.902692434	
0.902740252	
0.902609554	
0.902478703	
0.902347449	
0.902216472	
0.902085324	
0.901953853	
0.901822473	
0.901690834	
0.90155985	
0.901428082	
0.901296944	
0.901165458	
0.901034306	
0.900902574	
0.900770807	
0.900639413	
0.900508052	
0.90037641	
0.900248255	
0.900114701	
0.899983157	
0.89985156	
0.89971979	
0.899588268	
0.899457554	
0.899326305	
0.899194643	
0.899063808	
0.898933202	
0.898801313	
0.89867006	
0.898734628	
0.898995948	
0.899257621	
0.899518506	
0.899779655	
0.900040837	
0.90030223	
0.900562341	
0.900688141	
0.900688172	
0.900688198	
0.900688225	
0.900688253	
0.900688278	
0.900688304	
0.900688328	
0.900688353	
0.90068838	
0.900688408	
0.900688437	
0.900688464	
0.90068849	
0.900688515	
0.900688542	
0.90068857	
0.900688595	
0.900688619	
0.900688644	
0.90068867	
0.900688696	
0.900688722	
0.900688744	
0.900688766	
0.900688791	
0.900688818	
0.900688842	
0.900688868	
0.900688895	
0.900688926	
0.900688957	
0.900688982	
0.900689011	
0.90068904	
0.900689067	
0.900689094	
0.900689116	
0.900689141	
0.90068917	
0.900689176	
0.900689176	
0.900689198	
0.900689221	
0.900689248	
0.900689274	
0.9006893	
0.900689326	
0.900689352	
0.900689377	
0.900689404	
0.900689427	
0.900689453	
0.900689481	
0.900689511	
0.90068954	
0.900689579	
0.900689612	
0.900684756	
0.900619353	
0.900553987	
0.900488147	
0.900422398	
0.900356782	
0.900291325	
0.900226061	
0.900160611	
0.900095151	
0.900029759	
0.899964434	
0.899898838	
0.899833266	
0.899767812	
0.899701966	
0.899636583	
0.899571195	
0.899505533	
0.899439895	
0.899374432	
0.89930872	
0.899243463	
0.899178121	
0.899112352	
0.89904703	
0.898981303	
0.89891599	
0.898861363	
0.898708195	
0.898579821	
0.898445432	
0.898314188	
0.89818284	
0.898051665	
0.897920491	
0.897788855	
0.897657296	
0.897526237	
0.897394998	
0.897311095	
0.897376307	
0.897441656	
0.897506676	
0.897571755	
0.89763684	
0.897702122	
0.897767471	
0.897815523	
0.897815551	
0.897815579	
0.897815609	
0.897815636	
0.897815663	
0.89781569	
0.897815716	
0.897815742	
0.897815762	
0.897815789	
0.897815816	
0.89781585	
0.897815887	
0.897815916	
0.897815947	
0.897794598	
0.897728892	
0.897663374	
0.897597636	
0.897532141	
0.897466624	
0.897401556	
0.897335072	
0.897269619	
0.897204169	
0.897138323	
0.897072737	
0.897006971	
0.896941582	
0.896876123	
0.896810546	
0.89674483	
0.896679303	
0.896613803	
0.896548283	
0.896482638	
0.896417186	
0.896351658	
0.896285953	
0.896190061	
0.896058688	
0.89592797	
0.895796706	
0.895666121	
0.895534377	
0.895402871	
0.895271772	
0.895141047	
0.895009391	
0.89487843	
0.894747187	
0.89471403	
0.894779099	
0.894844256	
0.894909461	
0.89497448	
0.895039651	
0.895104909	
0.895170255	
0.895163715	
0.895098194	
0.895032739	
0.89496715	
0.894901309	
0.894835663	
0.894769872	
0.894703971	
0.894638487	
0.894573189	
0.894507479	
0.894441743	
0.894376103	
0.89431051	
0.894245111	
0.89417952	
0.89411411	
0.894048667	
0.893983209	
0.893917716	
0.893852094	
0.893786702	
0.893721307	
0.893655653	
0.893590127	
0.893524535	
0.893459014	
0.893393347	
0.893327507	
0.893262111	
0.89319651	
0.893130799	
0.893065398	
0.89300006	
0.892934477	
0.89286908	
0.892803614	
0.892738102	
0.892672568	
0.892606924	
0.892541201	
0.89247561	
0.89241015	
0.892344768	
0.89223074	
0.892099523	
0.891967873	
0.891836776	
0.891705232	
0.891574028	
0.891443193	
0.891311694	
0.891180569	
0.891049336	
0.890918085	
0.890787216	
0.890811961	
0.890877393	
0.890942652	
0.891007736	
0.891073167	
0.891138556	
0.8912039	
0.891269439	
0.891280239	
0.891280265	
0.891280289	
0.891280312	
0.89128034	
0.891280367	
0.891280396	
0.891280424	
0.891280444	
0.89128047	
0.891280492	
0.891280518	
0.891280542	
0.891280566	
0.891280589	
0.891280614	
0.891222601	
0.891157276	
0.891091623	
0.891026173	
0.890960333	
0.890894692	
0.890828986	
0.890763666	
0.890698091	
0.890632639	
0.890566913	
0.890501538	
0.890436152	
0.890370496	
0.890305054	
0.89023947	
0.890173889	
0.890108636	
0.890043174	
0.889977662	
0.889912152	
0.88984657	
0.889780792	
0.889715277	
0.889649801	
0.889583977	
0.889518525	
0.889452813	
0.889387165	
0.889321771	
0.889256136	
0.889190812	
0.88912489	
0.889059249	
0.88899366	
0.88889709	
0.888369413	
0.887844192	
0.887318674	
0.886794611	
0.886270468	
0.885743864	
0.885220324	
0.884713146	
0.88438596	
0.884058419	
0.883730239	
0.883402687	
0.883074081	
0.88274565	
0.882417811	
0.882088303	
0.881761088	
0.881434201	
0.881105965	
0.880778142	
0.880448926	
0.880120453	
0.87979096	
0.879462422	
0.879135232	
0.878807988	
0.878481415	
0.878153915	
0.877826386	
0.877498511	
0.877170324	
0.876942349	
0.877073053	
0.877203272	
0.877334154	
0.877464861	
0.877595205	
0.877725825	
0.877856548	
0.877925229	
0.877790992	
0.877659772	
0.877528776	
0.877396906	
0.877265928	
0.877134792	
0.877003587	
0.876872616	
0.876741228	
0.876610004	
0.876478767	
0.876347512	
0.876216555	
0.876084875	
0.875953294	
0.875822321	
0.875690935	
0.875559322	
0.875428592	
0.875297339	
0.875166384	
0.875034599	
0.874903377	
0.874771617	
0.874640246	
0.874508599	
0.874377621	
0.874245981	
0.874115009	
0.873984147	
0.873852264	
0.873889407	
0.874151594	
0.874412486	
0.87467363	
0.874934542	
0.875197231	
0.875458398	
0.875719525	
0.875865725	
0.875865754	
0.875865783	
0.875865809	
0.875865838	
0.875865865	
0.875865895	
0.875865921	
0.875865949	
0.875865978	
0.875866005	
0.875866033	
0.875866062	
0.875866093	
0.875866125	
0.875866153	
0.875866181	
0.875866208	
0.875866234	
0.875866259	
0.875866284	
0.875866312	
0.875866335	
0.875866361	
0.875866385	
0.875866413	
0.875866439	
0.875866466	
0.875866488	
0.875866514	
0.875866538	
0.875866562	
0.875866587	
0.875866615	
0.875866642	
0.875866668	
0.875866694	
0.875866719	
0.875866747	
0.875866773	
0.875866782	
0.875866782	
0.875866809	
0.875866834	
0.875866857	
0.87586688	
0.875866904	
0.875866928	
0.875866952	
0.875866977	
0.875867003	
0.875867027	
0.875867051	
0.875867077	
0.875867105	
0.875867136	
0.875867167	
0.875867199	
0.875864943	
0.875799288	
0.875733388	
0.875667937	
0.875602459	
0.875536759	
0.875471109	
0.875405648	
0.875340134	
0.875274733	
0.875208958	
0.87514344	
0.875078112	
0.875012789	
0.874947142	
0.874881355	
0.874815773	
0.874749995	
0.874684137	
0.874618818	
0.874553157	
0.874487581	
0.874422	
0.874356483	
0.874290835	
0.874225184	
0.874159659	
0.874094087	
0.874015496	
0.873884003	
0.873753411	
0.873622681	
0.873491187	
0.873359556	
0.873228831	
0.873097972	
0.872967125	
0.872835864	
0.872704767	
0.872573378	
0.872488188	
0.872553399	
0.872618489	
0.872684027	
0.872749309	
0.872814717	
0.872880134	
0.872945479	
0.872990739	
0.872990763	
0.872990788	
0.872990815	
0.872990842	
0.872990867	
0.872990888	
0.872990913	
0.872990938	
0.872990963	
0.872990985	
0.872991017	
0.872991044	
0.872991075	
0.872991104	
0.872991136	
0.872969812	
0.872904506	
0.87283912	
0.872773658	
0.872708084	
0.872642438	
0.872576798	
0.872511152	
0.872445831	
0.872380381	
0.872314601	
0.872248888	
0.872183565	
0.872117982	
0.872052322	
0.871986686	
0.871921105	
0.871855525	
0.871790136	
0.871724679	
0.8716591	
0.871593776	
0.871528237	
0.871462604	
0.871367296	
0.871236444	
0.871105334	
0.870974608	
0.870842825	
0.870711467	
0.870580603	
0.870449606	
0.870318516	
0.87018709	
0.870055768	
0.869924412	
0.869889411	
0.869954751	
0.870019835	
0.870085065	
0.870150139	
0.870215614	
0.870280894	
0.870345914	
0.870343898	
0.870278456	
0.870212873	
0.870147344	
0.870081767	
0.870016381	
0.869950593	
0.869885149	
0.869819621	
0.869753982	
0.869688266	
0.86962261	
0.869556887	
0.869491485	
0.869425878	
0.869360032	
0.869294239	
0.869228461	
0.869163129	
0.869097531	
0.869031944	
0.868966489	
0.868900825	
0.868835235	
0.868769699	
0.868703911	
0.868638533	
0.868572916	
0.868507615	
0.868442155	
0.868376823	
0.868311354	
0.868245767	
0.868180498	
0.868114984	
0.868049519	
0.867984112	
0.867918596	
0.867853259	
0.867787612	
0.867722275	
0.867656753	
0.867590977	
0.867525398	
0.867413793	
0.86728138	
0.86715014	
0.867019163	
0.866888059	
0.866756388	
0.866625055	
0.866494338	
0.866362702	
0.866231989	
0.866101132	
0.865969752	
0.865988346	
0.866053626	
0.866119228	
0.866184377	
0.866249745	
0.866315329	
0.86638061	
0.8664461	
0.866457756	
0.866457784	
0.866457813	
0.866457841	
0.866457868	
0.866457896	
0.866457926	
0.866457958	
0.866457988	
0.866458013	
0.866458041	
0.86645807	
0.866458099	
0.866458127	
0.866458148	
0.866458171	
0.866400278	
0.866334501	
0.86626885	
0.866203405	
0.866137959	
0.866072302	
0.866006796	
0.8659412	
0.865875495	
0.86580985	
0.865744528	
0.865679014	
0.865613497	
0.865547847	
0.865482138	
0.86541649	
0.865350837	
0.865285253	
0.865219593	
0.865154152	
0.865088441	
0.865022666	
0.864957344	
0.86489202	
0.864826245	
0.86476093	
0.864695343	
0.864629967	
0.864564518	
0.864498981	
0.864433477	
0.86436765	
0.864301735	
0.864235834	
0.86417018	
0.864073999	
0.86354889	
0.863024705	
0.862499167	
0.861975124	
0.861452024	
0.860928043	
0.860402403	
0.859900148	
0.859572338	
0.85924541	
0.858917568	
0.858589701	
0.85825982	
0.85793102	
0.857603504	
0.857276909	
0.856947729	
0.856620175	
0.856292004	
0.855965117	
0.855636245	
0.855306436	
0.85497792	
0.854649357	
0.854320884	
0.853993655	
0.853664747	
0.853337259	
0.853010611	
0.852681517	
0.852353973	
0.852124078	
0.852254621	
0.852385094	
0.852516088	
0.852646697	
0.852777446	
0.852908036	
0.85303864	
0.853099093	
0.852967896	
0.852837178	
0.852706436	
0.852575217	
0.852444623	
0.85231288	
0.852182027	
0.852051046	
0.851919678	
0.851787917	
0.851657311	
0.85152622	
0.851395089	
0.851263459	
0.851132504	
0.851001393	
0.850869888	
0.850739301	
0.850608057	
0.850477326	
0.850346229	
0.850215487	
0.850084011	
0.849952878	
0.849821113	
0.849689624	
0.849558774	
0.849429342	
0.849297329	
0.849166212	
0.849035084	
0.849052977	
0.849313705	
0.849574757	
0.849835388	
0.850096372	
0.850357166	
0.850617799	
0.850878459	
0.851029993	
0.851030025	
0.851030056	
0.851030086	
0.851030116	
0.851030144	
0.851030171	
0.851030199	
0.851030229	
0.851030257	
0.851030285	
0.851030315	
0.851030344	
0.851030374	
0.851030404	
0.851030434	
0.851030466	
0.851030495	
0.851030522	
0.851030554	
0.851030582	
0.851030616	
0.851030644	
0.851030675	
0.851030703	
0.851030732	
0.851030758	
0.851030787	
0.851030816	
0.851030847	
0.851030877	
0.851030904	
0.851030933	
0.851030962	
0.851030991	
0.851031018	
0.851031049	
0.85103108	
0.851031109	
0.851031138	
0.851031149	
0.851031149	
0.851031177	
0.851031203	
0.85103123	
0.851031258	
0.851031287	
0.851031317	
0.851031343	
0.851031372	
0.851031398	
0.851031426	
0.851031453	
0.851031481	
0.851031516	
0.851031549	
0.851031584	
0.851031618	
0.851029356	
0.850963651	
0.850898209	
0.850832625	
0.850767687	
0.850701528	
0.850635926	
0.850570366	
0.850504844	
0.850439119	
0.850373606	
0.850308287	
0.850242577	
0.850177062	
0.850111346	
0.850045688	
0.849979981	
0.849914589	
0.849849144	
0.849783821	
0.849718095	
0.849652582	
0.849586928	
0.849521482	
0.849456159	
0.849390576	
0.849325125	
0.849259535	
0.849182117	
0.849050766	
0.848919787	
0.84878881	
0.848657962	
0.848527119	
0.848396895	
0.848264769	
0.848133383	
0.848001894	
0.847870789	
0.847740043	
0.847650956	
0.847716103	
0.847781254	
0.847846538	
0.847911884	
0.84797736	
0.848042637	
0.84810813	
0.848156575	
0.8481566	
0.848156628	
0.848156655	
0.848156682	
0.84815671	
0.848156736	
0.848156762	
0.84815679	
0.848156822	
0.848156847	
0.848156877	
0.84815691	
0.848156946	
0.848156975	
0.848157005	
0.848134185	
0.848068545	
0.848003032	
0.847937435	
0.847871943	
0.847806616	
0.847741103	
0.847675655	
0.847610109	
0.847544361	
0.847478978	
0.847413382	
0.847348071	
0.847282624	
0.847217357	
0.847151784	
0.847086257	
0.847020425	
0.846955037	
0.846889697	
0.846823869	
0.846758282	
0.846692572	
0.846627053	
0.84653337	
0.846401596	
0.84627039	
0.846140432	
0.846008038	
0.845877318	
0.845746692	
0.845615368	
0.845484127	
0.845353135	
0.845222039	
0.845091175	
0.845056135	
0.845121272	
0.845186498	
0.845251702	
0.845316918	
0.845382081	
0.84544748	
0.845512694	
0.84551388	
0.845448312	
0.845382728	
0.845317467	
0.845251949	
0.845186494	
0.845121557	
0.845055325	
0.844989858	
0.8449241	
0.84485832	
0.844792851	
0.844727202	
0.844661863	
0.844596344	
0.844530687	
0.844465151	
0.844399437	
0.844334041	
0.844268632	
0.844203122	
0.844137536	
0.84407174	
0.844006225	
0.843940497	
0.843874591	
0.843808876	
0.843760835	
0.843677569	
0.84361166	
0.843546378	
0.843480811	
0.843415158	
0.843349886	
0.843284113	
0.843237908	
0.843152672	
0.843087406	
0.843021614	
0.842955969	
0.842890706	
0.842825182	
0.84275946	
0.84269407	
0.84258002	
0.842448258	
0.842317018	
0.842185922	
0.84205495	
0.841923573	
0.841792611	
0.841661483	
0.841530134	
0.841398762	
0.841267759	
0.841136148	
0.841158521	
0.841223876	
0.841289148	
0.841354505	
0.841419842	
0.841485251	
0.841550539	
0.841616135	
0.841628319	
0.841628346	
0.841628371	
0.841628397	
0.841628423	
0.841628449	
0.841628476	
0.841628499	
0.841628527	
0.841628553	
0.841628578	
0.841628605	
0.841628633	
0.841628662	
0.841628688	
0.841628717	
0.84156901	
0.841503481	
0.841437902	
0.841372325	
0.841307064	
0.841241618	
0.841176048	
0.841110278	
0.841044831	
0.840979183	
0.840913797	
0.840848218	
0.84078296	
0.840717638	
0.840652318	
0.840586783	
0.840521154	
0.840455446	
0.840389861	
0.840324289	
0.840258569	
0.840192797	
0.840127164	
0.840061769	
0.839995935	
0.839930616	
0.839864813	
0.839799063	
0.839733547	
0.83966816	
0.839602707	
0.839537117	
0.839471348	
0.839405897	
0.839340309	
0.839248704	
0.838724635	
0.838198936	
0.837674937	
0.837150801	
0.836627328	
0.836103787	
0.835576609	
0.835066952	
0.834739724	
0.834412196	
0.834083999	
0.833756456	
0.833429246	
0.833102022	
0.832774469	
0.832447874	
0.832121024	
0.831794145	
0.831465593	
0.831138057	
0.830810146	
0.830481311	
0.830152509	
0.829824266	
0.829495131	
0.829167598	
0.82883972	
0.828513166	
0.828185299	
0.827857429	
0.827530211	
0.827289021	
0.827419741	
0.827550078	
0.827679668	
0.827811428	
0.827941759	
0.828072767	
0.828203222	
0.828280604	
0.828149615	
0.828019032	
0.827888165	
0.827757466	
0.827626225	
0.827494956	
0.827363875	
0.827232645	
0.827101255	
0.826970031	
0.826839446	
0.82670768	
0.826576835	
0.826445983	
0.826314097	
0.826183397	
0.82605277	
0.825921308	
0.825790206	
0.825658942	
0.825527854	
0.825397132	
0.825269623	
0.825134783	
0.825003516	
0.824871907	
0.824740273	
0.824609778	
0.824476995	
0.824345362	
0.824214361	
0.824221994	
0.824482398	
0.82474271	
0.82500308	
0.825265155	
0.825526151	
0.825787564	
0.826049792	
0.826207	
0.826207028	
0.826207058	
0.826207088	
0.826207119	
0.826207152	
0.826207181	
0.826207217	
0.82620725	
0.826207282	
0.82620731	
0.826207343	
0.826207373	
0.826207405	
0.826207433	
0.826207465	
0.826207495	
0.826207524	
0.82620755	
0.826207581	
0.826207606	
0.826207634	
0.826207664	
0.826207693	
0.826207722	
0.82620775	
0.826207777	
0.826207806	
0.826207835	
0.826207863	
0.826207893	
0.826207918	
0.826207946	
0.826207979	
0.826208008	
0.826208037	
0.826208064	
0.826208092	
0.826208118	
0.826208146	
0.826208157	
0.826208157	
0.826208182	
0.826208211	
0.826208234	
0.826208261	
0.826208287	
0.826208315	
0.826208343	
0.82620837	
0.826208397	
0.826208425	
0.826208451	
0.826208483	
0.826208517	
0.82620855	
0.826208584	
0.826208619	
0.826206365	
0.826140839	
0.826075272	
0.826010015	
0.825944301	
0.825878523	
0.825813105	
0.825747813	
0.825682357	
0.82561689	
0.825551317	
0.825485929	
0.825420345	
0.825354631	
0.825288976	
0.82522345	
0.825158077	
0.825092466	
0.825026778	
0.824961322	
0.82489593	
0.824830154	
0.824764699	
0.82469977	
0.824633663	
0.824568261	
0.82450275	
0.824436908	
0.824361198	
0.824229997	
0.824099017	
0.823967787	
0.823836024	
0.823705165	
0.823573681	
0.823443097	
0.823312383	
0.823181402	
0.823049771	
0.822918482	
0.822832049	
0.822897067	
0.8229626	
0.823027813	
0.823092898	
0.823158504	
0.82322359	
0.823288756	
0.82333805	
0.823338079	
0.823338107	
0.823338133	
0.823338161	
0.823338187	
0.823338216	
0.823338242	
0.82333827	
0.823338298	
0.823338324	
0.823338352	
0.823338383	
0.823338414	
0.823338443	
0.823338475	
0.823320276	
0.823254769	
0.823189382	
0.82312353	
0.823058086	
0.822992213	
0.822926862	
0.82286102	
0.822795161	
0.822729653	
0.822663941	
0.822598412	
0.822532907	
0.822467638	
0.822402067	
0.822336615	
0.82227114	
0.822205778	
0.822140524	
0.822074855	
0.822009036	
0.821943651	
0.821878318	
0.821812808	
0.821720685	
0.821589437	
0.82145848	
0.82132749	
0.821196657	
0.821064785	
0.820933535	
0.820802305	
0.8206716	
0.820539961	
0.820408864	
0.820276955	
0.820242163	
0.820307768	
0.820373056	
0.820438198	
0.820503223	
0.820568631	
0.820633905	
0.820699116	
0.820698996	
0.820633081	
0.820567552	
0.820501651	
0.820436197	
0.820370741	
0.820305231	
0.820239644	
0.820173918	
0.820108474	
0.820042872	
0.81997723	
0.819911699	
0.819846041	
0.819780452	
0.819714921	
0.819649323	
0.8195838	
0.819518269	
0.819452614	
0.819386761	
0.819321416	
0.819255518	
0.819190128	
0.819124527	
0.819059016	
0.818993555	
0.818928099	
0.818862515	
0.818797254	
0.81873193	
0.818666141	
0.818600735	
0.818535228	
0.818469965	
0.818404565	
0.818339242	
0.818273654	
0.818208052	
0.818142539	
0.818077005	
0.818011159	
0.817945836	
0.817880368	
0.8177686	
0.817636701	
0.817504957	
0.81737372	
0.817242483	
0.817111117	
0.816980144	
0.816849008	
0.81671778	
0.816586797	
0.816455549	
0.81632366	
0.816349703	
0.816414986	
0.816480454	
0.816545674	
0.816611219	
0.816676551	
0.816741772	
0.81680711	
0.816819289	
0.816819315	
0.816819341	
0.816819368	
0.816819396	
0.816819423	
0.816819448	
0.816819471	
0.816819494	
0.816819519	
0.816819548	
0.816819576	
0.816819605	
0.816819632	
0.816819659	
0.816819685	
0.816761615	
0.816696225	
0.816630639	
0.816565318	
0.816499792	
0.816433959	
0.816368508	
0.816302716	
0.816237415	
0.816172096	
0.816106585	
0.81604074	
0.815975125	
0.815909511	
0.815844057	
0.8157784	
0.815712826	
0.815647507	
0.815581657	
0.8155164	
0.815451007	
0.815385236	
0.815319843	
0.815254253	
0.815188672	
0.815123035	
0.815057509	
0.814992133	
0.814926611	
0.814861093	
0.814795509	
0.814730052	
0.814664541	
0.814599156	
0.814533307	
0.814442574	
0.813917906	
0.813394358	
0.812870384	
0.812347368	
0.811824876	
0.81130078	
0.810778282	
0.810268913	
0.809942362	
0.809614731	
0.80928597	
0.808956425	
0.808627574	
0.808297805	
0.807969613	
0.807640416	
0.807313862	
0.806985311	
0.806657142	
0.806329611	
0.806002382	
0.805674186	
0.805345333	
0.805017434	
0.804687631	
0.804359434	
0.804029909	
0.803703056	
0.803374722	
0.803046018	
0.802718458	
0.802471589	
0.802601799	
0.802732528	
0.802863659	
0.802994656	
0.803125134	
0.803255981	
0.803386843	
0.803460707	
0.803329912	
0.803199054	
0.803067952	
0.802936839	
0.802805596	
0.802674855	
0.802543636	
0.802412897	
0.802281669	
0.802150038	
0.802019162	
0.801887558	
0.801756048	
0.801626361	
0.801494219	
0.801363096	
0.801232496	
0.801101796	
0.800970685	
0.800839433	
0.800708463	
0.800577175	
0.800445584	
0.800314339	
0.800182696	
0.800051985	
0.799921129	
0.799789759	
0.799658383	
0.79952739	
0.799396803	
0.799406103	
0.799666565	
0.799927606	
0.800188757	
0.800449405	
0.800711584	
0.800972481	
0.801233096	
0.801398019	
0.801398049	
0.801398079	
0.80139811	
0.801398138	
0.801398169	
0.8013982	
0.801398229	
0.801398257	
0.801398283	
0.801398312	
0.80139834	
0.801398369	
0.801398394	
0.801398423	
0.801398453	
0.801398483	
0.801398511	
0.801398539	
0.801398567	
0.801398596	
0.801398622	
0.80139865	
0.801398673	
0.801398698	
0.801398725	
0.801398752	
0.801398781	
0.801398806	
0.801398832	
0.801398857	
0.801398885	
0.801398914	
0.801398943	
0.801398971	
0.801398999	
0.801399025	
0.801399051	
0.801399079	
0.801399107	
0.801399119	
0.801399119	
0.801399145	
0.801399167	
0.801399195	
0.801399222	
0.801399251	
0.801399279	
0.801399305	
0.80139933	
0.801399356	
0.801399385	
0.801399411	
0.801399437	
0.801399468	
0.8013995	
0.80139953	
0.801399558	
0.801396651	
0.801330871	
0.801265487	
0.801199896	
0.8011345	
0.801068926	
0.801003412	
0.800937956	
0.800872436	
0.80080698	
0.800741723	
0.80067639	
0.800610617	
0.800545098	
0.800479561	
0.800413993	
0.800348549	
0.800282966	
0.800217375	
0.800151786	
0.800086266	
0.800020876	
0.799955547	
0.799890092	
0.799824301	
0.799758831	
0.7996932	
0.79962755	
0.799550419	
0.79941946	
0.79928796	
0.799157106	
0.799025872	
0.798894203	
0.798762337	
0.798630836	
0.798499427	
0.798368091	
0.798237501	
0.798106125	
0.798019416	
0.798084764	
0.798149841	
0.798215054	
0.798280492	
0.798345673	
0.798410756	
0.798475787	
0.79852365	
0.798523676	
0.798523704	
0.798523731	
0.798523757	
0.798523783	
0.798523809	
0.798523833	
0.798523858	
0.798523881	
0.798523904	
0.798523934	
0.798523963	
0.798523992	
0.798524019	
0.798524048	
0.79850123	
0.798435907	
0.798370124	
0.798304741	
0.798239481	
0.798173894	
0.798108372	
0.798042926	
0.797977267	
0.797911757	
0.797845973	
0.797780331	
0.797714944	
0.79764948	
0.797583838	
0.797518189	
0.797452804	
0.797387086	
0.797321181	
0.797255921	
0.797190533	
0.797125267	
0.797059752	
0.796994361	
0.796899753	
0.796768138	
0.796637027	
0.7965059	
0.796374028	
0.796243032	
0.796111404	
0.795980541	
0.795849157	
0.795717943	
0.795586699	
0.79545663	
0.795420517	
0.795485675	
0.79555037	
0.795616488	
0.795681982	
0.795747634	
0.79581298	
0.795878455	
0.795871564	
0.795806039	
0.795740191	
0.795674603	
0.795609241	
0.795543559	
0.795477711	
0.795411932	
0.795346669	
0.79528134	
0.795215751	
0.795149896	
0.795084361	
0.795018773	
0.79495298	
0.794887578	
0.794822314	
0.794756854	
0.794691055	
0.794625602	
0.794559948	
0.794494031	
0.794428313	
0.794363032	
0.79429766	
0.794232327	
0.794166793	
0.794101411	
0.794035889	
0.793970103	
0.79390477	
0.793838919	
0.793773201	
0.793707807	
0.793642399	
0.793576953	
0.793511097	
0.793445227	
0.793379787	
0.793314198	
0.7932488	
0.793183207	
0.793117742	
0.79305196	
0.792936548	
0.792805153	
0.792674332	
0.792543489	
0.792412366	
0.792281526	
0.792150283	
0.792019291	
0.791888193	
0.791757582	
0.791625969	
0.791494332	
0.791521274	
0.791586942	
0.791652152	
0.791717557	
0.791782776	
0.791848011	
0.79191353	
0.791978751	
0.791989751	
0.791989775	
0.791989802	
0.791989833	
0.791989861	
0.791989887	
0.791989915	
0.791989939	
0.791989965	
0.791989993	
0.791990021	
0.791990048	
0.791990078	
0.791990108	
0.791990139	
0.791990165	
0.791929748	
0.791864356	
0.791799024	
0.791733695	
0.791668313	
0.791602996	
0.791537655	
0.79147203	
0.791406318	
0.791340738	
0.791275218	
0.791209772	
0.791144315	
0.791078856	
0.791013524	
0.790948263	
0.790882685	
0.790817029	
0.790751449	
0.790685926	
0.790620395	
0.790554947	
0.790489229	
0.79042358	
0.790357995	
0.790292277	
0.790226695	
0.790161311	
0.790095725	
0.790030214	
0.789964894	
0.789899177	
0.789833602	
0.789767815	
0.789702501	
0.789611538	
0.789086893	
0.788560252	
0.788033576	
0.787508921	
0.786983881	
0.78646138	
0.785935169	
0.78542838	
0.78509885	
0.784771001	
0.784443468	
0.78411484	
0.783786405	
0.783456892	
0.783128311	
0.782798551	
0.782470889	
0.782142779	
0.781815549	
0.781486943	
0.781159804	
0.780832229	
0.780505665	
0.78017783	
0.779849952	
0.779523072	
0.779196162	
0.778868958	
0.778540632	
0.778211232	
0.777883928	
0.777650995	
0.777781721	
0.777912392	
0.7780428	
0.778172878	
0.778303619	
0.778434347	
0.778564821	
0.778630554	
0.778498943	
0.778367811	
0.778236592	
0.778105484	
0.777974863	
0.777843772	
0.77771292	
0.777582332	
0.777451615	
0.777320635	
0.777189506	
0.777058152	
0.776927428	
0.77679593	
0.776665199	
0.776534066	
0.776403355	
0.776272372	
0.776140992	
0.77600937	
0.775878641	
0.775747917	
0.775616155	
0.775484387	
0.775353403	
0.775221625	
0.775090614	
0.77495902	
0.774827258	
0.774697038	
0.774564488	
0.774585929	
0.774847818	
0.775108968	
0.775370139	
0.775631014	
0.775891913	
0.776150244	
0.776413947	
0.776565077	
0.776565106	
0.776565137	
0.776565167	
0.776565192	
0.77656522	
0.776565246	
0.77656527	
0.776565299	
0.776565327	
0.776565355	
0.776565384	
0.776565412	
0.776565439	
0.776565468	
0.776565495	
0.776565526	
0.776565559	
0.776565588	
0.77656562	
0.776565642	
0.77656567	
0.776565698	
0.776565724	
0.776565751	
0.776565779	
0.776565806	
0.776565836	
0.776565862	
0.776565889	
0.776565914	
0.776565943	
0.77656597	
0.776565997	
0.776566025	
0.77656605	
0.776566077	
0.776566105	
0.776566131	
0.776566157	
0.776566167	
0.776566167	
0.776566196	
0.776566221	
0.776566246	
0.776566273	
0.776566299	
0.776566325	
0.776566352	
0.776566377	
0.776566402	
0.77656643	
0.776566458	
0.776566485	
0.776566516	
0.776566549	
0.776566582	
0.776566613	
0.776564354	
0.776498716	
0.776433258	
0.776367789	
0.776302086	
0.776236631	
0.776171102	
0.776105331	
0.776040008	
0.775974355	
0.775908634	
0.775842985	
0.775777209	
0.775711624	
0.775645953	
0.77558039	
0.775514938	
0.775449285	
0.775383634	
0.775317975	
0.775252267	
0.775186542	
0.775121263	
0.775055959	
0.774990112	
0.774924782	
0.774859075	
0.774793493	
0.774714914	
0.77458407	
0.774452679	
0.774321321	
0.774189948	
0.774058689	
0.773927462	
0.773795956	
0.773664712	
0.773533871	
0.773402766	
0.773271134	
0.77318684	
0.773251283	
0.773317074	
0.773382225	
0.77344764	
0.773512715	
0.773577936	
0.773643291	
0.773690678	
0.773690707	
0.773690731	
0.773690758	
0.773690786	
0.773690811	
0.773690845	
0.773690869	
0.773690894	
0.773690917	
0.77369094	
0.773690968	
0.773690996	
0.773691026	
0.773691056	
0.773691089	
0.773667621	
0.77360229	
0.773536963	
0.77347119	
0.773405477	
0.773339633	
0.77327398	
0.773208356	
0.773143017	
0.773077237	
0.773011644	
0.772946118	
0.77288021	
0.772814693	
0.772749109	
0.772683832	
0.772618065	
0.772552556	
0.772487098	
0.772421451	
0.772355942	
0.772290333	
0.772224906	
0.772159056	
0.772062645	
0.771931802	
0.771801061	
0.77166971	
0.771537946	
0.771406583	
0.771275056	
0.771144096	
0.771013247	
0.770881613	
0.770751009	
0.770619397	
0.770592859	
0.770658358	
0.770723942	
0.770789288	
0.770854632	
0.7709203	
0.770985593	
0.771051051	
0.771041179	
0.770975736	
0.770910186	
0.77084487	
0.770779155	
0.770713501	
0.770647977	
0.770582204	
0.770516748	
0.770451215	
0.770385576	
0.770320181	
0.770254691	
0.770189313	
0.770123854	
0.770058323	
0.769992991	
0.769927205	
0.769861678	
0.76979635	
0.769730992	
0.769665689	
0.76960016	
0.769534234	
0.769468917	
0.769403265	
0.769337543	
0.769271832	
0.769206042	
0.769140394	
0.769074809	
0.769009387	
0.768944023	
0.768878434	
0.76881304	
0.768747708	
0.768682246	
0.768616715	
0.768551065	
0.768485152	
0.76841956	
0.768354102	
0.76828869	
0.768223248	
0.768109074	
0.767977678	
0.76784618	
0.767715346	
0.767583687	
0.767452324	
0.767321423	
0.767190503	
0.76705939	
0.766927439	
0.766796516	
0.766665526	
0.766695856	
0.766761335	
0.766826622	
0.766892088	
0.766957296	
0.767022532	
0.767088124	
0.767153793	
0.767162069	
0.767162095	
0.767162121	
0.767162145	
0.767162172	
0.767162195	
0.767162221	
0.767162246	
0.767162275	
0.767162299	
0.767162326	
0.767162352	
0.767162378	
0.767162402	
0.767162429	
0.767162451	
0.767101342	
0.767035594	
0.766970338	
0.766904879	
0.766839173	
0.766773858	
0.766708274	
0.766642756	
0.766577427	
0.766511596	
0.766446344	
0.766380615	
0.766315306	
0.766249721	
0.766184452	
0.766118809	
0.766053351	
0.765987766	
0.765922178	
0.765856656	
0.765791139	
0.765725746	
0.765660093	
0.765594435	
0.765529125	
0.765463711	
0.765397885	
0.765332303	
0.765266521	
0.765201202	
0.765135677	
0.765070169	
0.765004712	
0.764939187	
0.764873738	
0.764765274	
0.76423857	
0.763714503	
0.763189295	
0.762664203	
0.762140245	
0.761614026	
0.761087931	
0.760586455	
0.760256626	
0.759928417	
0.759600878	
0.759271653	
0.758943495	
0.758616584	
0.758287379	
0.757960211	
0.757633865	
0.757302181	
0.75697267	
0.756644117	
0.756315616	
0.755987345	
0.755657904	
0.755330705	
0.755002741	
0.754674308	
0.754346418	
0.754017227	
0.753689686	
0.753362477	
0.753034273	
0.75283341	
0.752964284	
0.753095261	
0.7532256	
0.753356247	
0.753486545	
0.753617274	
0.75374841	
0.753800962	
0.753670379	
0.753539262	
0.753408538	
0.753276747	
0.753145144	
0.75301403	
0.752882771	
0.752751545	
0.752621583	
0.75248905	
0.752358198	
0.752227017	
0.752095705	
0.751964837	
0.751835022	
0.751702753	
0.751571249	
0.751440199	
0.751308362	
0.75117751	
0.751046075	
0.750915146	
0.750784138	
0.750653418	
0.750522448	
0.750391264	
0.750259943	
0.750128977	
0.749997603	
0.749866614	
0.749735084	
0.749773401	
0.750035842	
0.75029677	
0.750558394	
0.750820603	
0.751080707	
0.751341062	
0.751601951	
0.751737735	
0.751737762	
0.751737791	
0.751737818	
0.751737846	
0.751737874	
0.751737902	
0.751737934	
0.751737965	
0.751737992	
0.751738021	
0.751738048	
0.751738078	
0.751738105	
0.751738134	
0.751738161	
0.751738187	
0.751738215	
0.751738238	
0.751738264	
0.751738288	
0.751738315	
0.75173834	
0.751738365	
0.751738391	
0.751738417	
0.751738446	
0.751738473	
0.7517385	
0.751738526	
0.75173855	
0.751738573	
0.751738598	
0.751738626	
0.751738653	
0.751738684	
0.751738712	
0.75173874	
0.751738765	
0.75173879	
0.7517388	
0.7517388	
0.751738824	
0.751738853	
0.751738881	
0.751738906	
0.751738932	
0.751738958	
0.751738982	
0.751739009	
0.751739036	
0.751739064	
0.75173909	
0.751739115	
0.751739144	
0.751739171	
0.751739202	
0.751739235	
0.751735019	
0.751669244	
0.751603843	
0.751538401	
0.751472945	
0.751407226	
0.751341628	
0.751275795	
0.751210205	
0.751144563	
0.751079241	
0.751013849	
0.750948326	
0.750882741	
0.750817277	
0.750751635	
0.750686247	
0.750620591	
0.750555009	
0.75048935	
0.750424031	
0.750358636	
0.750293375	
0.750227725	
0.750162075	
0.750096676	
0.7500311	
0.749965648	
0.749889007	
0.749758034	
0.749626525	
0.749495531	
0.749364817	
0.749233275	
0.749102334	
0.748971346	
0.748840228	
0.748708987	
0.748577743	
0.748446243	
0.748356018	
0.748421167	
0.74848664	
0.748552052	
0.748617286	
0.748682807	
0.748748216	
0.748812674	
0.748861296	
0.748861325	
0.748861351	
0.748861378	
0.748861403	
0.748861427	
0.748861455	
0.748861483	
0.748861509	
0.748861535	
0.74886156	
0.748861585	
0.748861614	
0.748861645	
0.748861677	
0.74886171	
0.74883895	
0.748773045	
0.74870732	
0.748641745	
0.748576344	
0.748510771	
0.748445054	
0.748379519	
0.748313881	
0.748248363	
0.748182964	
0.748117389	
0.748051675	
0.747986014	
0.747920308	
0.747854835	
0.747789333	
0.747724001	
0.747658411	
0.747592575	
0.747527249	
0.747461665	
0.747396014	
0.747330558	
0.74723565	
0.747104923	
0.746974323	
0.746843087	
0.746712489	
0.746581579	
0.746450152	
0.746318648	
0.746187776	
0.746056424	
0.745925568	
0.745794716	
0.745760026	
0.745825385	
0.745890975	
0.74595632	
0.746021547	
0.74608662	
0.746151639	
0.746216804	
0.746212705	
0.746147182	
0.746081648	
0.746015998	
0.745950149	
0.745884704	
0.745819309	
0.745753908	
0.745688401	
0.745622949	
0.745557332	
0.745491766	
0.745426437	
0.745360978	
0.745295513	
0.74523024	
0.745164658	
0.74509887	
0.745033539	
0.744968012	
0.744902556	
0.744836906	
0.744771253	
0.744705733	
0.744640002	
0.744574423	
0.744509017	
0.744443379	
0.744377991	
0.744312652	
0.744247142	
0.74418168	
0.744116145	
0.744050375	
0.743985108	
0.743919459	
0.743854191	
0.743788729	
0.743722944	
0.743657423	
0.743592085	
0.743526634	
0.743461044	
0.743395386	
0.743284337	
0.743153753	
0.743022895	
0.7428918	
0.742760933	
0.742629716	
0.742498864	
0.742367605	
0.742236376	
0.742104879	
0.741973861	
0.741842397	
0.74185936	
0.74192484	
0.741990044	
0.742055337	
0.742120732	
0.742186079	
0.742251243	
0.742316834	
0.742329853	
0.74232988	
0.742329905	
0.74232993	
0.742329954	
0.742329975	
0.742330004	
0.742330031	
0.742330058	
0.742330082	
0.742330109	
0.742330134	
0.742330163	
0.742330186	
0.742330213	
0.742330239	
0.742274385	
0.74220879	
0.74214321	
0.742077698	
0.742012377	
0.741946923	
0.741881406	
0.741815633	
0.741750056	
0.74168473	
0.741618818	
0.741553313	
0.741487779	
0.741421943	
0.741356561	
0.741291035	
0.741225576	
0.741160059	
0.741094213	
0.741028627	
0.740962951	
0.740897646	
0.740831869	
0.740766347	
0.740700827	
0.740635244	
0.740569642	
0.74050421	
0.740438487	
0.740373037	
0.740307463	
0.740242191	
0.740176683	
0.740111228	
0.740045959	
0.739968827	
0.73944424	
0.73891696	
0.738394015	
0.737870485	
0.737345269	
0.736817639	
0.736291343	
0.735778278	
0.73545008	
0.735121105	
0.73479269	
0.734463157	
0.734134368	
0.733807479	
0.733480263	
0.733151102	
0.732823889	
0.732495969	
0.732167485	
0.731839609	
0.731511779	
0.731184227	
0.730857341	
0.73052817	
0.730201608	
0.729873389	
0.729544567	
0.729217641	
0.72888977	
0.728561934	
0.728233757	
0.727984421	
0.728116952	
0.728248327	
0.728379057	
0.728509265	
0.728639497	
0.72877046	
0.728901577	
0.728972489	
0.728841537	
0.728710534	
0.728579045	
0.728448322	
0.728317324	
0.728186632	
0.728055393	
0.727924347	
0.727793297	
0.727661543	
0.727530566	
0.727399714	
0.727268325	
0.72713658	
0.72700573	
0.726875138	
0.726743903	
0.726612922	
0.726481549	
0.726350048	
0.726218809	
0.726087303	
0.725956071	
0.725825206	
0.725693716	
0.725562873	
0.725431845	
0.725300641	
0.725169534	
0.725038556	
0.724907833	
0.724917313	
0.725177927	
0.725438294	
0.725699695	
0.725959836	
0.726220933	
0.726482369	
0.726744515	
0.726903708	
0.726903735	
0.726903756	
0.72690378	
0.726903805	
0.726903829	
0.726903854	
0.726903883	
0.726903908	
0.726903935	
0.726903958	
0.726903982	
0.726904006	
0.726904031	
0.726904057	
0.726904079	
0.7269041	
0.726904128	
0.726904156	
0.726904182	
0.726904208	
0.726904234	
0.726904256	
0.72690428	
0.726904306	
0.726904327	
0.726904349	
0.72690437	
0.726904396	
0.72690442	
0.726904445	
0.726904468	
0.726904492	
0.726904514	
0.726904538	
0.726904564	
0.726904588	
0.726904614	
0.72690464	
0.726904665	
0.726904676	
0.726904676	
0.726904701	
0.726904726	
0.726904753	
0.726904779	
0.726904801	
0.726904826	
0.72690485	
0.726904872	
0.7269049	
0.726904923	
0.72690495	
0.726904977	
0.726905002	
0.72690503	
0.726905058	
0.726905087	
0.726900713	
0.726834831	
0.726769375	
0.726703727	
0.726637942	
0.726572404	
0.726506701	
0.726441305	
0.72637568	
0.72631007	
0.72624468	
0.72617909	
0.726113187	
0.726047917	
0.725982449	
0.725916688	
0.725851419	
0.725785778	
0.725720321	
0.725654411	
0.725588563	
0.725523042	
0.725457582	
0.725392068	
0.725326537	
0.725260962	
0.725195312	
0.725129716	
0.725052058	
0.724921208	
0.724789563	
0.724658456	
0.724526555	
0.724394807	
0.724263691	
0.724132683	
0.724001604	
0.72387062	
0.723741171	
0.723608931	
0.723522527	
0.723587868	
0.723653018	
0.723718293	
0.723783446	
0.723848654	
0.723914	
0.723979341	
0.724026554	
0.72402658	
0.724026606	
0.72402663	
0.724026657	
0.724026682	
0.724026706	
0.724026731	
0.724026754	
0.724026779	
0.724026803	
0.724026826	
0.72402685	
0.724026875	
0.724026904	
0.72402693	
0.724002803	
0.723937281	
0.723872023	
0.723806245	
0.723741495	
0.723675077	
0.723609751	
0.72354423	
0.723478581	
0.723413253	
0.723347605	
0.723282215	
0.723216637	
0.72315131	
0.723086056	
0.723020668	
0.722955278	
0.722889758	
0.72282398	
0.722758457	
0.722692998	
0.722627334	
0.722561825	
0.722496373	
0.722401696	
0.722270706	
0.722139566	
0.722008233	
0.72187647	
0.721744842	
0.721613995	
0.721483282	
0.721351885	
0.721220924	
0.721089777	
0.720958569	
0.72092776	
0.720993047	
0.721058315	
0.721123463	
0.721188947	
0.721254277	
0.721319685	
0.721385026	
0.721380737	
0.721315078	
0.721249632	
0.721184373	
0.721118687	
0.721053003	
0.72098755	
0.720921835	
0.720855988	
0.720790201	
0.720724744	
0.720659348	
0.720593676	
0.72052823	
0.720462699	
0.720397151	
0.720331579	
0.720266182	
0.720200852	
0.720135459	
0.720069926	
0.720004477	
0.719939011	
0.719873598	
0.719807704	
0.719742176	
0.719676577	
0.719611127	
0.719545598	
0.719480064	
0.719414673	
0.719349342	
0.71928387	
0.719218545	
0.719152614	
0.719086962	
0.719021498	
0.718956088	
0.718890571	
0.718825112	
0.71875958	
0.718694253	
0.718628596	
0.718563276	
0.718450393	
0.718319269	
0.718188561	
0.718057454	
0.717926541	
0.717795625	
0.717664114	
0.717534168	
0.717401237	
0.717269882	
0.717138119	
0.717006617	
0.717025538	
0.717090924	
0.717156004	
0.717221485	
0.717286882	
0.717352287	
0.717417628	
0.717483159	
0.717495985	
0.717496009	
0.717496031	
0.717496053	
0.717496076	
0.717496103	
0.717496125	
0.717496145	
0.717496162	
0.717496181	
0.717496201	
0.717496223	
0.717496245	
0.717496266	
0.71749629	
0.717496316	
0.717438433	
0.717372989	
0.717307465	
0.717241619	
0.717176111	
0.717110786	
0.717045321	
0.716979434	
0.716913592	
0.716848747	
0.716782624	
0.716717096	
0.716651973	
0.716585928	
0.716520455	
0.716455016	
0.716389623	
0.716324031	
0.716258458	
0.716193196	
0.716127332	
0.716061899	
0.715996507	
0.715931119	
0.71586547	
0.715799877	
0.715734223	
0.715668702	
0.715603235	
0.715537715	
0.715472073	
0.71540635	
0.7153409	
0.715275306	
0.715209582	
0.715118908	
0.714595805	
0.714071841	
0.71354621	
0.713018947	
0.712495469	
0.711969814	
0.71144463	
0.710938468	
0.710611558	
0.710284379	
0.709956512	
0.709626656	
0.709299818	
0.708972277	
0.70864406	
0.708317212	
0.707990007	
0.707661774	
0.707333944	
0.707006054	
0.706679154	
0.706349706	
0.706022762	
0.705694628	
0.705367427	
0.705038266	
0.704710405	
0.704382868	
0.704053355	
0.70372419	
0.70339625	
0.703157415	
0.703288141	
0.703419248	
0.703549847	
0.703680701	
0.70381159	
0.703942155	
0.704072879	
0.704144533	
0.704013941	
0.703882548	
0.7037512	
0.703619958	
0.703489091	
0.703358127	
0.703227273	
0.703096557	
0.702965962	
0.702835239	
0.702703981	
0.702572494	
0.702441645	
0.702310144	
0.702178771	
0.702047644	
0.701916293	
0.701784652	
0.701653806	
0.70152256	
0.701390789	
0.701259027	
0.701127783	
0.700996769	
0.700865816	
0.700735069	
0.700603709	
0.700472738	
0.700341885	
0.700210363	
0.700079142	
0.700096501	
0.700357363	
0.700617949	
0.700878888	
0.701140525	
0.701401881	
0.701662012	
0.701923416	
0.70207816	
0.702078188	
0.702078214	
0.702078241	
0.702078269	
0.702078293	
0.702078319	
0.702078347	
0.702078374	
0.702078397	
0.702078421	
0.702078447	
0.702078466	
0.70207849	
0.702078517	
0.702078541	
0.702078568	
0.702078589	
0.702078612	
0.702078635	
0.702078661	
0.702078689	
0.702078712	
0.702078735	
0.702078756	
0.70207878	
0.702078806	
0.702078833	
0.702078861	
0.702078888	
0.702078914	
0.702078937	
0.702078958	
0.702078981	
0.702079006	
0.702079028	
0.702079053	
0.702079076	
0.702079097	
0.702079117	
0.702079127	
0.702079127	
0.70207915	
0.702079174	
0.702079197	
0.70207922	
0.702079244	
0.70207927	
0.70207929	
0.702079311	
0.702079332	
0.702079352	
0.702079375	
0.702079398	
0.702079425	
0.702079449	
0.702079475	
0.702079501	
0.702076462	
0.702010677	
0.701945143	
0.701879372	
0.701813912	
0.701748334	
0.701682608	
0.701617284	
0.701551617	
0.701486235	
0.701420904	
0.701355125	
0.701289864	
0.701224333	
0.701158748	
0.701093164	
0.701027437	
0.700961918	
0.700896386	
0.700830923	
0.700765008	
0.700699615	
0.700634024	
0.700568434	
0.700502699	
0.700437123	
0.700371669	
0.700305886	
0.700229517	
0.700098278	
0.699966781	
0.699835385	
0.699704122	
0.699573428	
0.69944217	
0.699311296	
0.699180222	
0.699049494	
0.698918522	
0.698787668	
0.698699324	
0.698764666	
0.69882988	
0.698895025	
0.698960175	
0.699025787	
0.699091469	
0.699156728	
0.699203913	
0.699203938	
0.699203961	
0.699203985	
0.69920401	
0.699204032	
0.699204053	
0.699204081	
0.699204106	
0.699204132	
0.699204155	
0.699204181	
0.699204204	
0.69920423	
0.699204256	
0.699204286	
0.699184078	
0.699118497	
0.699053113	
0.698987719	
0.698922195	
0.698856404	
0.698790886	
0.698725409	
0.698659975	
0.698594457	
0.6985288	
0.69846321	
0.698397821	
0.698332231	
0.698266842	
0.698201456	
0.698135674	
0.698070406	
0.69800507	
0.697939493	
0.697874235	
0.697808704	
0.697743389	
0.697678001	
0.6975872	
0.697455566	
0.697324452	
0.697192802	
0.69706105	
0.696929887	
0.69679895	
0.696668102	
0.69653634	
0.696405087	
0.696273584	
0.696142205	
0.696097442	
0.696162658	
0.696227737	
0.696293341	
0.696358948	
0.696424612	
0.69648996	
0.696555053	
0.696554916	
0.696489261	
0.696423793	
0.696358217	
0.696292698	
0.696226886	
0.696161398	
0.696095674	
0.696030461	
0.695964427	
0.695899037	
0.695833432	
0.695768108	
0.695702817	
0.695637174	
0.695571779	
0.695506232	
0.695440587	
0.695374861	
0.695309849	
0.69524388	
0.695178091	
0.69511282	
0.695047112	
0.69498164	
0.694916254	
0.694850921	
0.694785387	
0.694719667	
0.694654136	
0.69458855	
0.694523083	
0.694457555	
0.694391825	
0.694326504	
0.694261035	
0.694195252	
0.694129724	
0.694064199	
0.693998736	
0.693933147	
0.69386728	
0.693801437	
0.693736047	
0.693624411	
0.693492648	
0.693361662	
0.693230423	
0.693099701	
0.692968332	
0.692836569	
0.692704912	
0.692577322	
0.692442283	
0.692311039	
0.692179159	
0.692195858	
0.692261344	
0.692326547	
0.692391888	
0.692457491	
0.69252277	
0.692587804	
0.692653328	
0.692665568	
0.69266559	
0.69266561	
0.692665632	
0.692665658	
0.692665685	
0.69266571	
0.692665733	
0.692665757	
0.69266578	
0.692665803	
0.692665828	
0.692665853	
0.692665875	
0.692665899	
0.692665928	
0.692606932	
0.692541459	
0.692475947	
0.692410302	
0.692344649	
0.692279197	
0.692213743	
0.692147899	
0.692082253	
0.692016595	
0.691950952	
0.691885496	
0.691820161	
0.69175458	
0.69168932	
0.691623925	
0.691558275	
0.691492429	
0.691426845	
0.691361328	
0.691295647	
0.691230088	
0.691164437	
0.691098757	
0.69103319	
0.69096773	
0.690902394	
0.690836882	
0.690771292	
0.690705569	
0.690640249	
0.690574643	
0.690509212	
0.690443754	
0.690378222	
0.690282837	
0.689758258	
0.689232084	
0.688706478	
0.68818015	
0.687653637	
0.687128546	
0.686609604	
0.686100515	
0.68577363	
0.685444354	
0.685116244	
0.684788372	
0.684459163	
0.684132305	
0.683804351	
0.683476525	
0.683147709	
0.682818199	
0.682489626	
0.682161149	
0.681832948	
0.681505711	
0.681176122	
0.680849006	
0.680521767	
0.680192274	
0.67986469	
0.679537498	
0.679209646	
0.678883044	
0.67855413	
0.678320437	
0.678451041	
0.678581397	
0.678712249	
0.678842975	
0.678974188	
0.67910508	
0.679236201	
0.6792993	
0.679167813	
0.679036796	
0.678905064	
0.678774471	
0.678643479	
0.678512504	
0.678381902	
0.678250393	
0.678119551	
0.677988788	
0.677857436	
0.677726723	
0.67759508	
0.677463978	
0.677333259	
0.677201967	
0.677070246	
0.676938872	
0.676807482	
0.676676502	
0.676545127	
0.676413491	
0.676282632	
0.676150877	
0.676019373	
0.675888382	
0.675757257	
0.675625752	
0.675494773	
0.675363008	
0.675232403	
0.675261902	
0.675524322	
0.675784703	
0.676047405	
0.676308331	
0.676569957	
0.676831898	
0.677092756	
0.67723685	
0.677236877	
0.677236903	
0.677236933	
0.677236961	
0.677236986	
0.677237012	
0.677237042	
0.677237072	
0.677237102	
0.677237133	
0.677237158	
0.677237185	
0.677237213	
0.677237241	
0.677237268	
0.677237296	
0.677237324	
0.677237349	
0.677237378	
0.677237405	
0.677237431	
0.677237457	
0.677237486	
0.677237514	
0.677237542	
0.677237567	
0.677237595	
0.677237622	
0.677237646	
0.677237668	
0.677237695	
0.677237718	
0.677237744	
0.677237765	
0.677237787	
0.67723781	
0.677237834	
0.677237862	
0.677237885	
0.677237892	
0.677237892	
0.677237917	
0.677237942	
0.677237967	
0.677237989	
0.677238016	
0.677238041	
0.677238068	
0.677238093	
0.677238116	
0.677238139	
0.677238168	
0.677238191	
0.677238218	
0.677238246	
0.677238274	
0.6772383	
0.67723539	
0.677170315	
0.677104151	
0.677038605	
0.676973109	
0.676907642	
0.676841861	
0.676776338	
0.676710748	
0.676645021	
0.676579319	
0.676513862	
0.67644847	
0.676383144	
0.676317664	
0.676252092	
0.676186635	
0.676120785	
0.676055265	
0.675989812	
0.675924212	
0.675858565	
0.675792979	
0.675727459	
0.675662007	
0.675596283	
0.675530761	
0.67546504	
0.675388471	
0.675257105	
0.675125845	
0.674994733	
0.674862978	
0.674731848	
0.674600869	
0.67446989	
0.67433865	
0.674206898	
0.674075644	
0.673944257	
0.673857765	
0.673922919	
0.673988577	
0.674053854	
0.674118942	
0.674184347	
0.674249628	
0.674314915	
0.674361963	
0.674361992	
0.674362018	
0.674362045	
0.67436207	
0.674362098	
0.674362125	
0.674362148	
0.674362174	
0.674362201	
0.674362227	
0.674362254	
0.674362282	
0.674362308	
0.674362334	
0.674362361	
0.674339235	
0.674273782	
0.674207999	
0.674142361	
0.674076833	
0.67401112	
0.673945786	
0.673880131	
0.67381436	
0.673748846	
0.67368333	
0.673617798	
0.673551956	
0.673486362	
0.673421099	
0.673355635	
0.673290114	
0.67322447	
0.673159643	
0.673093631	
0.67302811	
0.672963217	
0.672896807	
0.672831287	
0.672734847	
0.672603217	
0.672471395	
0.67234034	
0.672208698	
0.672077454	
0.671945695	
0.671814185	
0.671683079	
0.671552216	
0.671421066	
0.671289991	
0.671261371	
0.67132698	
0.671392516	
0.67145805	
0.671523587	
0.671589065	
0.671654572	
0.671719812	
0.671707839	
0.671642247	
0.671576398	
0.67151114	
0.671445615	
0.671380168	
0.671314774	
0.671248987	
0.67118347	
0.671117983	
0.671052477	
0.670986952	
0.670921294	
0.670855763	
0.670790435	
0.670724709	
0.67065886	
0.670593393	
0.670527814	
0.670462348	
0.670396852	
0.67033149	
0.670265903	
0.670200235	
0.670134513	
0.670068995	
0.670003255	
0.669937675	
0.669872209	
0.669806294	
0.669740839	
0.669675503	
0.669610117	
0.669544856	
0.669479136	
0.66941387	
0.669348478	
0.669282685	
0.669217171	
0.669151521	
0.669086257	
0.669020926	
0.668955402	
0.668889633	
0.668772118	
0.668640756	
0.668509254	
0.668377866	
0.668247036	
0.668116453	
0.667985308	
0.667853572	
0.667722592	
0.667591467	
0.667460754	
0.667329509	
0.667361929	
0.667427137	
0.667492347	
0.6675577	
0.66762316	
0.66768838	
0.667753789	
0.667818992	
0.667829223	
0.667829248	
0.667829273	
0.667829298	
0.667829325	
0.66782935	
0.667829376	
0.667829403	
0.667829431	
0.667829458	
0.667829482	
0.66782951	
0.667829535	
0.667829561	
0.667829588	
0.667829612	
0.66776892	
0.667703145	
0.667637302	
0.667571623	
0.667506203	
0.667440617	
0.667375089	
0.66730958	
0.667243734	
0.667178224	
0.667112845	
0.667047371	
0.666981739	
0.666916282	
0.666850806	
0.666785301	
0.666719914	
0.666654461	
0.666589003	
0.666523419	
0.666457579	
0.66639174	
0.666326093	
0.666260378	
0.666194921	
0.666129539	
0.666064212	
0.665998759	
0.66593297	
0.66586746	
0.665802124	
0.665736543	
0.665671088	
0.665605813	
0.665540181	
0.66542685	
0.664899572	
0.664373492	
0.663848383	
0.663321189	
0.662798161	
0.662274023	
0.661748466	
0.661248944	
0.660922381	
0.660593882	
0.660267326	
0.659939395	
0.659610273	
0.659280758	
0.658951607	
0.658622059	
0.658295147	
0.65796767	
0.657638496	
0.657310259	
0.656982755	
0.656656192	
0.656327996	
0.655999795	
0.655672258	
0.655344383	
0.655016511	
0.654689244	
0.654361098	
0.654033881	
0.653707267	
0.653487802	
0.653618141	
0.653748864	
0.653879722	
0.654009816	
0.654140165	
0.654270864	
0.654400962	
0.654466429	
0.654335322	
0.654204081	
0.654073365	
0.653941584	
0.653810337	
0.653678845	
0.653548112	
0.653416882	
0.653286166	
0.653155039	
0.65302407	
0.652893218	
0.652761678	
0.652630337	
0.652499618	
0.652368245	
0.652236997	
0.652105885	
0.65197425	
0.651843013	
0.651712246	
0.651580385	
0.651449145	
0.651317963	
0.651186653	
0.651055926	
0.650924923	
0.650793831	
0.650662949	
0.650531338	
0.65040023	
0.650421103	
0.650683676	
0.650944561	
0.651207059	
0.651468675	
0.651728777	
0.651989929	
0.652250803	
0.652401413	
0.652401439	
0.652401464	
0.652401491	
0.652401516	
0.652401543	
0.65240157	
0.652401597	
0.652401622	
0.652401647	
0.652401674	
0.652401699	
0.652401725	
0.652401751	
0.652401778	
0.652401801	
0.652401825	
0.65240185	
0.652401881	
0.652401907	
0.652401937	
0.652401965	
0.65240199	
0.652402014	
0.652402039	
0.652402065	
0.65240209	
0.652402113	
0.652402141	
0.652402164	
0.652402188	
0.652402212	
0.652402237	
0.652402264	
0.652402286	
0.652402311	
0.652402335	
0.652402358	
0.652402381	
0.652402406	
0.652402415	
0.652402415	
0.652402441	
0.652402467	
0.652402489	
0.652402513	
0.652402536	
0.652402557	
0.652402581	
0.652402607	
0.652402627	
0.65240265	
0.652402673	
0.652402696	
0.652402723	
0.652402746	
0.652402776	
0.652402804	
0.652401082	
0.652335498	
0.652269778	
0.652204135	
0.652138858	
0.652073335	
0.652007812	
0.651942428	
0.65187702	
0.651811582	
0.651746252	
0.65168052	
0.651615071	
0.65154974	
0.651484132	
0.651418692	
0.651353104	
0.651287316	
0.651221929	
0.651156459	
0.651090878	
0.651025225	
0.65095974	
0.650894183	
0.650828726	
0.650763003	
0.650697619	
0.65063203	
0.650555848	
0.650424876	
0.650293877	
0.650162517	
0.650031797	
0.649900268	
0.64976931	
0.649637551	
0.64950772	
0.649375451	
0.64924446	
0.649113221	
0.649018623	
0.649083779	
0.649149371	
0.649214581	
0.649279732	
0.649345068	
0.649410211	
0.649474837	
0.649525496	
0.649525516	
0.649525536	
0.649525559	
0.649525581	
0.649525603	
0.649525627	
0.64952565	
0.649525671	
0.649525694	
0.649525714	
0.649525739	
0.649525765	
0.649525788	
0.649525814	
0.64952584	
0.649503605	
0.649438154	
0.649372372	
0.649306984	
0.649241463	
0.649175813	
0.649110356	
0.649044472	
0.648978847	
0.648913523	
0.64884813	
0.648782678	
0.648717291	
0.64865164	
0.648586182	
0.648520783	
0.648455396	
0.64838968	
0.648324155	
0.648258438	
0.648193104	
0.648127777	
0.64806226	
0.647996867	
0.647905518	
0.647774532	
0.647643156	
0.647512544	
0.647381715	
0.647250603	
0.647120009	
0.646989291	
0.646858161	
0.646727196	
0.64659608	
0.646465096	
0.646419644	
0.646484854	
0.646550267	
0.646615925	
0.646681339	
0.646746867	
0.646812338	
0.646877755	
0.646877362	
0.6468119	
0.646746121	
0.646680728	
0.6466154	
0.64654967	
0.646484021	
0.646418609	
0.646353229	
0.646287572	
0.646221976	
0.646156187	
0.64609072	
0.646024922	
0.645959337	
0.645893931	
0.645828407	
0.645763072	
0.64569734	
0.645631426	
0.645566154	
0.645500498	
0.645434635	
0.645369043	
0.645303255	
0.645237661	
0.645172178	
0.645106672	
0.64504134	
0.644976008	
0.644910678	
0.644845215	
0.644779818	
0.644713966	
0.644648044	
0.644582393	
0.644516667	
0.644451195	
0.644385546	
0.644320023	
0.644254493	
0.644189094	
0.644123697	
0.644057981	
0.643963831	
0.643813423	
0.643682418	
0.643551691	
0.643421087	
0.643289351	
0.643157959	
0.643026471	
0.642894951	
0.642764998	
0.642631939	
0.642501345	
0.642519541	
0.642585786	
0.642651001	
0.642716348	
0.642782007	
0.64284749	
0.642912949	
0.642978032	
0.642988916	
0.642988938	
0.642988963	
0.642988986	
0.642989009	
0.642989028	
0.642989048	
0.64298907	
0.642989093	
0.642989116	
0.64298914	
0.642989163	
0.642989185	
0.642989205	
0.642989224	
0.642989245	
0.642929826	
0.642864109	
0.642798656	
0.642733266	
0.642667944	
0.642602555	
0.642537034	
0.64247171	
0.642406187	
0.642340654	
0.64227516	
0.642209755	
0.642144171	
0.64207885	
0.642013583	
0.641947735	
0.641882337	
0.641816679	
0.64175123	
0.64168532	
0.641619738	
0.641553951	
0.641488559	
0.641422772	
0.641357315	
0.641291722	
0.641226203	
0.64116081	
0.641095414	
0.641029964	
0.640964376	
0.640898978	
0.64083333	
0.640767748	
0.640702036	
0.640615641	
0.640089384	
0.639563338	
0.639039311	
0.638516197	
0.63798961	
0.637462394	
0.636936187	
0.636426404	
0.636098735	
0.635769023	
0.635442457	
0.63511392	
0.634785068	
0.634457821	
0.634128306	
0.633800807	
0.633470806	
0.633142441	
0.632814247	
0.632487658	
0.632160742	
0.631832926	
0.63150404	
0.631176869	
0.630849628	
0.630521789	
0.630193225	
0.629865333	
0.629536513	
0.629207669	
0.628879478	
0.628644969	
0.628776334	
0.628906801	
0.629037541	
0.629168279	
0.629299109	
0.629429198	
0.629559686	
0.629624697	
0.629493358	
0.629361953	
0.629230727	
0.629099998	
0.628969119	
0.628837892	
0.628707007	
0.628575673	
0.628444956	
0.628313568	
0.628182079	
0.62805111	
0.62791933	
0.62778809	
0.627656682	
0.627525339	
0.627394086	
0.627262581	
0.627131872	
0.627000625	
0.626869633	
0.626738661	
0.626606881	
0.626475634	
0.626344666	
0.626213768	
0.626082691	
0.625951705	
0.625820188	
0.625688693	
0.625556927	
0.625590087	
0.625850388	
0.626111563	
0.626371678	
0.626633818	
0.626895011	
0.627155834	
0.627417249	
0.627561363	
0.627561391	
0.627561414	
0.627561439	
0.627561465	
0.627561486	
0.627561509	
0.627561531	
0.627561554	
0.627561577	
0.627561601	
0.627561626	
0.62756165	
0.627561675	
0.627561702	
0.627561727	
0.62756175	
0.627561776	
0.6275618	
0.627561824	
0.627561846	
0.62756187	
0.62756189	
0.627561913	
0.627561931	
0.627561952	
0.627561975	
0.627561994	
0.627562015	
0.627562042	
0.627562065	
0.627562086	
0.627562104	
0.627562128	
0.62756215	
0.627562173	
0.627562196	
0.627562218	
0.627562241	
0.627562264	
0.627562272	
0.627562272	
0.627562294	
0.627562317	
0.627562338	
0.627562361	
0.627562384	
0.627562405	
0.627562427	
0.627562446	
0.62756247	
0.627562489	
0.62756251	
0.627562536	
0.62756256	
0.62756259	
0.627562615	
0.627562641	
0.627558942	
0.627493498	
0.627427972	
0.627362516	
0.627297053	
0.627231198	
0.627165609	
0.627100288	
0.627034685	
0.62696904	
0.626903714	
0.626838184	
0.626772733	
0.626706941	
0.626641679	
0.626576027	
0.626510501	
0.626445042	
0.626379456	
0.626313584	
0.626248275	
0.626182818	
0.626117359	
0.626051903	
0.625986577	
0.625920784	
0.625855336	
0.625789872	
0.625712178	
0.62558093	
0.625450053	
0.625318842	
0.625187724	
0.625056597	
0.624924707	
0.624793465	
0.624661959	
0.624530848	
0.624399715	
0.624268606	
0.624179991	
0.624245143	
0.624310806	
0.624375956	
0.624440801	
0.624506893	
0.624572117	
0.624637449	
0.624684526	
0.624684545	
0.624684563	
0.624684581	
0.624684603	
0.624684624	
0.624684645	
0.624684667	
0.62468469	
0.624684716	
0.624684738	
0.624684765	
0.624684793	
0.624684819	
0.624684846	
0.624684872	
0.624662636	
0.624596972	
0.624531455	
0.624465675	
0.624400392	
0.624334888	
0.624269565	
0.624204106	
0.624138719	
0.62407326	
0.624007865	
0.623942412	
0.623876887	
0.623811604	
0.623746036	
0.623680374	
0.623614524	
0.623548935	
0.62348347	
0.623417955	
0.623352368	
0.623286779	
0.623221255	
0.623155919	
0.623061569	
0.622930479	
0.622799352	
0.622667991	
0.622537009	
0.622405829	
0.622274644	
0.622143794	
0.622012544	
0.621880776	
0.621749926	
0.621619069	
0.621584456	
0.621649805	
0.621715141	
0.621780354	
0.621845708	
0.621911366	
0.621976579	
0.622041853	
0.622037437	
0.621971977	
0.621906452	
0.621840792	
0.621775391	
0.621709607	
0.621643825	
0.621578164	
0.621512777	
0.62144719	
0.621381794	
0.621316262	
0.621250735	
0.621184946	
0.621119407	
0.621053885	
0.620988161	
0.620923146	
0.620856968	
0.62079163	
0.620726002	
0.620660624	
0.62059511	
0.620529703	
0.620464434	
0.620399033	
0.620333417	
0.620267853	
0.62020226	
0.620136859	
0.620071472	
0.620006206	
0.619940467	
0.619874567	
0.619809028	
0.619743104	
0.619677534	
0.61961225	
0.619547446	
0.619481339	
0.619415666	
0.619350142	
0.619284427	
0.619218838	
0.619107316	
0.618976473	
0.61884497	
0.618713577	
0.618582205	
0.618450588	
0.618319864	
0.618188485	
0.61805711	
0.617925595	
0.617794487	
0.617663366	
0.617684035	
0.617749364	
0.617814637	
0.617879992	
0.617945452	
0.61801086	
0.618076346	
0.618141618	
0.618153796	
0.618153818	
0.618153837	
0.61815386	
0.618153882	
0.618153905	
0.618153926	
0.618153947	
0.618153972	
0.618153995	
0.618154018	
0.618154043	
0.618154068	
0.618154094	
0.61815412	
0.618154143	
0.618095379	
0.618031296	
0.617964145	
0.617898285	
0.617832645	
0.61776706	
0.617701334	
0.617635691	
0.617570374	
0.617504787	
0.617439207	
0.617373427	
0.617307709	
0.617241994	
0.617176189	
0.617110748	
0.617045223	
0.616979499	
0.616913723	
0.616848262	
0.616782624	
0.616717164	
0.616651438	
0.616585793	
0.616520136	
0.616454485	
0.616389088	
0.61632356	
0.616257911	
0.616192455	
0.616126831	
0.616061146	
0.615995821	
0.615930202	
0.615864321	
0.615754948	
0.615227831	
0.614703263	
0.614179959	
0.613656179	
0.613131591	
0.612604307	
0.612077709	
0.611583195	
0.611255644	
0.610928127	
0.610599214	
0.610270086	
0.609941905	
0.609613719	
0.609285859	
0.608956356	
0.608628399	
0.608299625	
0.607972316	
0.607644219	
0.607317333	
0.606988396	
0.606658981	
0.606330782	
0.606002847	
0.605676024	
0.605347776	
0.605020282	
0.604692755	
0.604363888	
0.604035713	
0.603818415	
0.603949034	
0.604079344	
0.604210334	
0.604340802	
0.604471399	
0.604602127	
0.604733261	
0.604787239	
0.604656218	
0.604524882	
0.604393377	
0.604262396	
0.604131251	
0.604000027	
0.603868894	
0.603737548	
0.603606284	
0.603474923	
0.603344187	
0.603212555	
0.603081592	
0.602950609	
0.602819366	
0.602688382	
0.602557528	
0.602426651	
0.602295689	
0.6021651	
0.602033596	
0.601902878	
0.601770959	
0.601640124	
0.601508879	
0.60137803	
0.601246774	
0.601115402	
0.600985556	
0.6008533	
0.600722445	
0.600753387	
0.601015569	
0.601276547	
0.60153836	
0.601798729	
0.602060175	
0.602320757	
0.602580859	
0.602723927	
0.602723951	
0.602723979	
0.602724007	
0.602724034	
0.60272406	
0.602724086	
0.602724111	
0.602724138	
0.602724169	
0.602724199	
0.602724231	
0.602724259	
0.602724287	
0.602724314	
0.602724342	
0.602724367	
0.602724393	
0.602724415	
0.602724441	
0.602724466	
0.602724487	
0.602724508	
0.602724527	
0.602724551	
0.602724572	
0.602724593	
0.602724616	
0.602724636	
0.602724657	
0.60272468	
0.602724705	
0.602724731	
0.602724756	
0.602724778	
0.602724803	
0.602724825	
0.602724848	
0.602724873	
0.602724896	
0.602724906	
0.602724906	
0.602724928	
0.602724954	
0.602724981	
0.602725007	
0.60272503	
0.602725052	
0.602725072	
0.602725097	
0.60272512	
0.602725141	
0.60272516	
0.602725178	
0.6027252	
0.602725224	
0.602725246	
0.60272527	
0.602723508	
0.602657548	
0.602592025	
0.602526764	
0.602461377	
0.602395979	
0.602330521	
0.602264665	
0.60219919	
0.602133753	
0.602068296	
0.602003028	
0.601937439	
0.601871984	
0.601806392	
0.601740607	
0.601674734	
0.601609166	
0.601543905	
0.601478364	
0.60141292	
0.60134747	
0.601281679	
0.6012163	
0.601150715	
0.601085911	
0.601019735	
0.600954272	
0.600877067	
0.600745953	
0.600614295	
0.600482933	
0.600351946	
0.600220301	
0.60008907	
0.599958358	
0.599827082	
0.599696129	
0.599565373	
0.599434168	
0.599347393	
0.599412553	
0.599477815	
0.599542962	
0.599608397	
0.599673779	
0.599739193	
0.599804471	
0.599853693	
0.599853717	
0.599853743	
0.599853766	
0.599853789	
0.599853815	
0.599853841	
0.599853865	
0.599853892	
0.599853915	
0.599853937	
0.599853964	
0.599853994	
0.599854023	
0.599854049	
0.599854075	
0.599833341	
0.599767554	
0.599702156	
0.599636837	
0.599571035	
0.599505399	
0.599440013	
0.599374879	
0.59930884	
0.599243388	
0.599177671	
0.599112218	
0.599046809	
0.598981308	
0.598916053	
0.598850719	
0.59878528	
0.598719892	
0.598654163	
0.598588594	
0.598523207	
0.598457789	
0.598392284	
0.59832696	
0.598235154	
0.598103651	
0.597973057	
0.597841556	
0.597710703	
0.597579565	
0.597447943	
0.597316309	
0.597185717	
0.597054318	
0.596923233	
0.596792064	
0.596752896	
0.596818257	
0.596883516	
0.59694868	
0.597014021	
0.597079287	
0.597144564	
0.597210234	
0.597211548	
0.59714615	
0.597080645	
0.597015178	
0.596949433	
0.596883882	
0.596818178	
0.596752727	
0.596687199	
0.596621752	
0.596556351	
0.596491025	
0.596425485	
0.596359705	
0.596294241	
0.596228501	
0.596162805	
0.596098009	
0.596031756	
0.595965905	
0.595900639	
0.595834989	
0.595769469	
0.59570381	
0.595638157	
0.595572895	
0.595507165	
0.595441648	
0.595376199	
0.595310552	
0.595245134	
0.59517949	
0.595114075	
0.595048578	
0.594983037	
0.59491759	
0.59485201	
0.594786461	
0.594720698	
0.594655295	
0.594589771	
0.594524064	
0.594458731	
0.594393667	
0.594279983	
0.594148582	
0.594017506	
0.593886648	
0.593755133	
0.593624171	
0.593492924	
0.593361548	
0.593230304	
0.59309891	
0.592968201	
0.592837213	
0.592856017	
0.592921124	
0.592986531	
0.593052012	
0.593117027	
0.593182495	
0.593247975	
0.593313119	
0.593326661	
0.593326682	
0.593326703	
0.593326728	
0.593326749	
0.593326775	
0.593326801	
0.593326824	
0.593326846	
0.593326869	
0.593326894	
0.593326916	
0.593326937	
0.593326958	
0.593326983	
0.59332701	
0.59327027	
0.593204623	
0.593139105	
0.593073458	
0.593007878	
0.592942431	
0.592876972	
0.592811264	
0.592745945	
0.592680487	
0.592615106	
0.592549775	
0.592484587	
0.592418421	
0.592352699	
0.592287057	
0.592221795	
0.592156007	
0.59209056	
0.592024777	
0.591959061	
0.591893807	
0.591828473	
0.591762695	
0.591697251	
0.591631767	
0.591565941	
0.591500298	
0.591435486	
0.591369254	
0.591303726	
0.591238214	
0.591172761	
0.591107167	
0.591041462	
0.590950673	
0.590424976	
0.589898884	
0.589374296	
0.588847599	
0.588321985	
0.587798295	
0.587273331	
0.586766721	
0.586443641	
0.586110319	
0.585783099	
0.58545458	
0.585127679	
0.584799816	
0.584471317	
0.584142114	
0.583815519	
0.583487018	
0.583160141	
0.582832494	
0.582503101	
0.582175553	
0.581847655	
0.581520801	
0.5811939	
0.580865715	
0.580538831	
0.580209915	
0.579880804	
0.579552282	
0.579222979	
0.578985139	
0.579115979	
0.579247116	
0.579377812	
0.579508017	
0.579638619	
0.579768824	
0.579899823	
0.579971252	
0.579840002	
0.579708373	
0.579577525	
0.579446671	
0.579315164	
0.579183666	
0.579052813	
0.578921569	
0.578790848	
0.578659316	
0.57852822	
0.578397628	
0.578266515	
0.578135138	
0.578004152	
0.577873168	
0.577742447	
0.577611061	
0.577480221	
0.577349235	
0.577218484	
0.577087266	
0.57695602	
0.576825164	
0.576694566	
0.576563714	
0.576432172	
0.576300435	
0.576168773	
0.576037796	
0.575906557	
0.575924194	
0.576185551	
0.576446175	
0.576707621	
0.576970272	
0.577230679	
0.577493348	
0.577753439	
0.577915413	
0.577915437	
0.577915465	
0.577915488	
0.577915512	
0.577915534	
0.577915557	
0.577915579	
0.577915602	
0.577915623	
0.577915647	
0.577915673	
0.577915698	
0.577915725	
0.57791575	
0.577915775	
0.577915799	
0.577915823	
0.577915848	
0.577915872	
0.577915897	
0.577915924	
0.577915948	
0.577915972	
0.577915997	
0.577916022	
0.577916044	
0.57791607	
0.577916092	
0.577916114	
0.577916137	
0.577916158	
0.577916178	
0.577916203	
0.577916227	
0.577916249	
0.577916271	
0.577916295	
0.577916321	
0.577916346	
0.577916356	
0.577916356	
0.577916379	
0.577916403	
0.577916424	
0.577916445	
0.577916466	
0.577916487	
0.577916507	
0.57791653	
0.577916554	
0.577916582	
0.577916604	
0.577916629	
0.57791665	
0.577916677	
0.577916704	
0.577916729	
0.577913686	
0.577848308	
0.577782837	
0.577717268	
0.577651812	
0.577586415	
0.577521033	
0.577455322	
0.577389476	
0.577323955	
0.577258363	
0.577192715	
0.577127194	
0.577061461	
0.576995827	
0.576930307	
0.576864838	
0.576799318	
0.576733723	
0.576667936	
0.57660243	
0.576536964	
0.576471258	
0.576405998	
0.576340256	
0.576274624	
0.576209108	
0.576143383	
0.57606605	
0.575935302	
0.57580343	
0.575671914	
0.575540475	
0.575409179	
0.575278584	
0.575147471	
0.575016487	
0.574885483	
0.574754492	
0.574623141	
0.574537991	
0.574603517	
0.574668534	
0.574733772	
0.574799152	
0.574864364	
0.574929706	
0.574994919	
0.575043757	
0.575043782	
0.575043809	
0.57504383	
0.575043853	
0.575043877	
0.575043896	
0.575043916	
0.57504394	
0.575043963	
0.575043985	
0.575044008	
0.575044032	
0.575044059	
0.575044087	
0.57504411	
0.575020701	
0.574954974	
0.574889141	
0.574823683	
0.574757763	
0.574692315	
0.574626831	
0.574561397	
0.574495936	
0.574430546	
0.574364702	
0.574299447	
0.574233738	
0.574168149	
0.574102368	
0.574036582	
0.573971065	
0.573905272	
0.573839367	
0.573773974	
0.573708702	
0.573643063	
0.573577214	
0.573511823	
0.573415666	
0.573284816	
0.573153437	
0.573021664	
0.572890286	
0.572759309	
0.572628456	
0.572498727	
0.572365705	
0.572234843	
0.5721036	
0.571972743	
0.571943538	
0.57200869	
0.572074029	
0.57213873	
0.572204455	
0.572269732	
0.572334949	
0.572400156	
0.572391966	
0.572326509	
0.572260725	
0.572195462	
0.572129683	
0.572064158	
0.57199856	
0.571933182	
0.571867923	
0.571802131	
0.571736356	
0.571670564	
0.571604912	
0.571539514	
0.571473895	
0.571408329	
0.571342804	
0.571277329	
0.571211873	
0.571146094	
0.571080431	
0.571014718	
0.570949313	
0.570883403	
0.57081794	
0.570752271	
0.570686694	
0.570621367	
0.570555445	
0.570489858	
0.570424523	
0.570359069	
0.570293546	
0.570228073	
0.570162363	
0.570097023	
0.570031438	
0.569966042	
0.569900517	
0.56983493	
0.569769337	
0.569703675	
0.569638027	
0.569572508	
0.569456495	
0.569325448	
0.569194334	
0.569063219	
0.568932369	
0.568802546	
0.568669746	
0.568538508	
0.568407373	
0.568275757	
0.568144609	
0.568012988	
0.568041075	
0.568106222	
0.568171578	
0.568236846	
0.568301996	
0.5683674	
0.568432484	
0.568497633	
0.568507271	
0.568507292	
0.568507314	
0.568507336	
0.56850736	
0.568507383	
0.568507407	
0.568507433	
0.568507454	
0.568507475	
0.568507498	
0.568507518	
0.56850754	
0.568507561	
0.568507582	
0.568507606	
0.568446844	
0.568381066	
0.568315262	
0.568249503	
0.568184049	
0.568118483	
0.568052873	
0.567987296	
0.56792189	
0.567856397	
0.567790935	
0.56772547	
0.567660031	
0.567594367	
0.567528728	
0.567463142	
0.56739735	
0.567332032	
0.567266443	
0.567200585	
0.567135202	
0.567069403	
0.567003897	
0.566938315	
0.566872777	
0.566806944	
0.566741229	
0.566675577	
0.566610127	
0.566544471	
0.566479016	
0.566413168	
0.566347444	
0.566281868	
0.566216023	
0.566092643	
0.565563063	
0.565038996	
0.564516414	
0.563990878	
0.563465091	
0.562941187	
0.562416556	
0.561926227	
0.56159485	
0.561265998	
0.56093781	
0.560610262	
0.560282684	
0.559955489	
0.559627012	
0.559297694	
0.558969946	
0.558643056	
0.55831389	
0.557987316	
0.557659772	
0.557330254	
0.557002403	
0.556674174	
0.556344703	
0.556017491	
0.555689561	
0.55536013	
0.555031286	
0.554704075	
0.554376207	
0.554162232	
0.554293097	
0.554423558	
0.554554343	
0.554684628	
0.554815103	
0.554945975	
0.555076426	
0.555134181	
0.555003041	
0.554871951	
0.554741102	
0.554609838	
0.554478223	
0.554347101	
0.554215999	
0.554085276	
0.553954022	
0.553822914	
0.553692189	
0.55356122	
0.55343063	
0.553299519	
0.553168001	
0.55303716	
0.552906148	
0.552774412	
0.552643041	
0.552511606	
0.552379767	
0.552248908	
0.552117534	
0.551986153	
0.551854381	
0.551722748	
0.551591621	
0.551460361	
0.551329129	
0.551197357	
0.551066099	
0.551103884	
0.551365844	
0.551627992	
0.551888608	
0.55214718	
0.552411685	
0.552673083	
0.55293397	
0.553064071	
0.553064097	
0.553064124	
0.553064151	
0.553064175	
0.553064197	
0.553064224	
0.553064248	
0.553064271	
0.553064295	
0.553064318	
0.553064343	
0.553064367	
0.55306439	
0.553064414	
0.553064439	
0.553064463	
0.553064484	
0.553064507	
0.55306453	
0.553064554	
0.553064576	
0.553064602	
0.553064628	
0.553064655	
0.553064677	
0.553064701	
0.553064723	
0.553064747	
0.553064771	
0.553064798	
0.553064824	
0.553064846	
0.55306487	
0.553064894	
0.553064916	
0.553064944	
0.553064966	
0.55306499	
0.553065011	
0.553065017	
0.553065017	
0.553065041	
0.553065065	
0.553065084	
0.553065107	
0.55306513	
0.553065152	
0.553065173	
0.553065193	
0.553065216	
0.553065238	
0.553065263	
0.553065288	
0.553065315	
0.55306534	
0.553065369	
0.553065394	
0.553063139	
0.552997492	
0.552932156	
0.552866846	
0.552801125	
0.552736181	
0.552670081	
0.552604345	
0.552538974	
0.55247371	
0.552407979	
0.552342404	
0.552276629	
0.552211867	
0.552145379	
0.552079603	
0.55201402	
0.551948557	
0.551882825	
0.551816938	
0.551752123	
0.551685881	
0.5516203	
0.551554642	
0.551489128	
0.551423676	
0.551358079	
0.55129224	
0.551214834	
0.551083704	
0.550952735	
0.550821492	
0.550690116	
0.550558487	
0.550427477	
0.550296124	
0.550165274	
0.550034685	
0.549903959	
0.549772729	
0.549690299	
0.549755577	
0.54982079	
0.549885809	
0.549951146	
0.550016754	
0.550082297	
0.5501475	
0.550195229	
0.550195256	
0.550195282	
0.550195306	
0.55019533	
0.550195353	
0.550195378	
0.550195404	
0.550195424	
0.550195444	
0.550195469	
0.550195494	
0.550195526	
0.550195556	
0.550195584	
0.550195614	
0.550172002	
0.550106423	
0.550040903	
0.549975189	
0.549909536	
0.549844211	
0.549778612	
0.549712969	
0.549647693	
0.549581997	
0.549516479	
0.549451124	
0.549385433	
0.549319976	
0.549254519	
0.549189132	
0.549123613	
0.549057895	
0.54899238	
0.548926988	
0.548861342	
0.548795886	
0.548730349	
0.548664646	
0.548567774	
0.548436242	
0.548305158	
0.548173652	
0.548042255	
0.547910771	
0.547779482	
0.547648546	
0.547517693	
0.547386158	
0.547254676	
0.547123564	
0.547096524	
0.547161858	
0.547226942	
0.547292351	
0.547357627	
0.547422725	
0.547488377	
0.547553531	
0.54754585	
0.547480259	
0.547414517	
0.547348756	
0.547283169	
0.547217631	
0.547151991	
0.547086277	
0.5470205	
0.54695498	
0.546889133	
0.546823349	
0.546758021	
0.546692483	
0.54662716	
0.546561632	
0.546496197	
0.546430378	
0.54636465	
0.546298798	
0.546233537	
0.546168077	
0.546102814	
0.546037554	
0.545972087	
0.54590657	
0.545841168	
0.545775443	
0.545709863	
0.545644271	
0.545578747	
0.545512958	
0.545447356	
0.545381708	
0.545315918	
0.545250178	
0.545184479	
0.545118629	
0.54505317	
0.544987578	
0.544922186	
0.54485686	
0.544791532	
0.544725806	
0.544609415	
0.544478179	
0.544346935	
0.544215564	
0.544084976	
0.543954755	
0.543822358	
0.543691492	
0.543560385	
0.543428878	
0.543297841	
0.543166262	
0.543202772	
0.543267981	
0.543333128	
0.54339841	
0.543463033	
0.543529157	
0.543594311	
0.543659774	
0.543669359	
0.543669382	
0.543669406	
0.543669429	
0.543669454	
0.54366948	
0.543669505	
0.54366953	
0.543669552	
0.543669576	
0.543669601	
0.543669625	
0.54366965	
0.543669672	
0.543669699	
0.543669726	
0.543607339	
0.54354155	
0.543476293	
0.543410904	
0.543345255	
0.543279681	
0.543213836	
0.543148519	
0.543082937	
0.543017163	
0.542951635	
0.54288605	
0.5428204	
0.542755089	
0.542689636	
0.542623921	
0.542558213	
0.542492762	
0.542427489	
0.54236204	
0.542296322	
0.542231004	
0.542165744	
0.542100218	
0.542034506	
0.541968857	
0.541903444	
0.541837824	
0.541772502	
0.541706652	
0.541640744	
0.541575475	
0.541509832	
0.541444385	
0.541378858	
0.541255741	
0.54073064	
0.540204967	
0.539679887	
0.539154248	
0.538627995	
0.538102991	
0.537577755	
0.537082256	
0.536754417	
0.536426488	
0.536097662	
0.535769509	
0.53544581	
0.535113462	
0.534785239	
0.534457067	
0.534128543	
0.533800977	
0.533472164	
0.533143954	
0.532814395	
0.532486252	
0.532157721	
0.531830185	
0.531503295	
0.531174722	
0.530845274	
0.530516748	
0.530189146	
0.529861986	
0.529534757	
0.529338147	
0.529468861	
0.529599997	
0.529731221	
0.529861566	
0.529992621	
0.53012341	
0.530254407	
0.530299272	
0.530168022	
0.53003667	
0.529905293	
0.529774442	
0.529643174	
0.529512345	
0.529381351	
0.529250238	
0.529119133	
0.528988165	
0.528857185	
0.528726462	
0.528595739	
0.52846461	
0.52833273	
0.528201449	
0.528070118	
0.527939533	
0.5278084	
0.527677563	
0.527545798	
0.527414013	
0.527282529	
0.527151789	
0.527020562	
0.526889442	
0.526758721	
0.526627844	
0.526496885	
0.526365758	
0.526234926	
0.526276395	
0.526537262	
0.526799461	
0.527060093	
0.527320191	
0.527581101	
0.52784148	
0.528103138	
0.528236775	
0.528236803	
0.528236835	
0.528236867	
0.528236899	
0.528236926	
0.528236955	
0.528236988	
0.528237019	
0.528237052	
0.528237084	
0.528237118	
0.528237154	
0.528237186	
0.528237218	
0.528237249	
0.528237276	
0.528237299	
0.528237326	
0.528237353	
0.52823738	
0.528237404	
0.528237427	
0.52823745	
0.528237474	
0.5282375	
0.528237525	
0.528237551	
0.528237578	
0.528237602	
0.528237627	
0.528237651	
0.528237676	
0.528237698	
0.528237722	
0.528237746	
0.52823777	
0.528237791	
0.528237816	
0.52823784	
0.528237847	
0.528237847	
0.528237873	
0.528237898	
0.528237922	
0.528237947	
0.528237967	
0.528237992	
0.528238019	
0.528238043	
0.528238066	
0.528238089	
0.528238114	
0.528238138	
0.528238168	
0.528238194	
0.528238219	
0.528238248	
0.528235992	
0.528170659	
0.528105342	
0.528039764	
0.527974175	
0.527927196	
0.527843534	
0.527778201	
0.527712685	
0.527647302	
0.52758195	
0.52751632	
0.527450812	
0.527385425	
0.527319835	
0.527254257	
0.527188794	
0.527122959	
0.527057426	
0.526991597	
0.526926214	
0.52686082	
0.526795379	
0.526730052	
0.526664599	
0.526598882	
0.526533368	
0.526467715	
0.526392595	
0.526261363	
0.52613025	
0.525999528	
0.525868003	
0.525736535	
0.525605559	
0.525473916	
0.525342815	
0.525211572	
0.525079935	
0.524948436	
0.524858207	
0.524923784	
0.524989065	
0.525054224	
0.525119494	
0.525184509	
0.525249983	
0.525315199	
0.525363837	
0.525363863	
0.525363888	
0.525363912	
0.525363942	
0.525363969	
0.525363998	
0.525364023	
0.525364052	
0.52536408	
0.525364109	
0.525364138	
0.525364168	
0.525364201	
0.525364234	
0.525364266	
0.525343605	
0.525278084	
0.52521271	
0.525147453	
0.525082572	
0.525016621	
0.524950964	
0.524885655	
0.524820406	
0.524755103	
0.524689296	
0.524623715	
0.524558132	
0.524492559	
0.524427109	
0.524361506	
0.524295811	
0.524230293	
0.524164584	
0.524099327	
0.524033984	
0.523968152	
0.523902893	
0.523837244	
0.52374631	
0.523615201	
0.523484074	
0.523352199	
0.523221329	
0.523090361	
0.522959116	
0.522828342	
0.522696631	
0.522564997	
0.522433891	
0.522302771	
0.522262064	
0.522327606	
0.522392753	
0.522457981	
0.522523314	
0.522588659	
0.522653956	
0.522719279	
0.522722113	
0.522656271	
0.522590617	
0.522524956	
0.522459565	
0.522393924	
0.522328521	
0.522262879	
0.522197298	
0.522131843	
0.52206625	
0.522000597	
0.52193507	
0.521869797	
0.521803992	
0.521738348	
0.521672824	
0.52160736	
0.521541764	
0.521476437	
0.521410971	
0.521345325	
0.521279797	
0.521214143	
0.521148423	
0.52108289	
0.521017239	
0.520951907	
0.520886252	
0.520820664	
0.520755129	
0.520689469	
0.520623959	
0.520558493	
0.52049317	
0.520427776	
0.5203621	
0.520296202	
0.520230743	
0.520165141	
0.520099554	
0.520033967	
0.519968629	
0.519902988	
0.519791287	
0.519659401	
0.519528163	
0.5193968	
0.519265148	
0.519134045	
0.519002534	
0.518871829	
0.51874046	
0.518609848	
0.518479009	
0.518348094	
0.518362779	
0.51842793	
0.518493206	
0.51855875	
0.518624091	
0.518689702	
0.518755166	
0.518820388	
0.518833395	
0.518833422	
0.518833448	
0.518833474	
0.518833498	
0.518833528	
0.518833551	
0.518833576	
0.518833601	
0.518833629	
0.518833656	
0.518833684	
0.518833712	
0.518833736	
0.518833759	
0.518833784	
0.518776681	
0.518711099	
0.518645305	
0.518579671	
0.518514156	
0.518448632	
0.518382935	
0.51831735	
0.518251765	
0.51818613	
0.518120611	
0.518054708	
0.517989119	
0.517923657	
0.517858151	
0.517792894	
0.51772724	
0.517661336	
0.517595754	
0.517530106	
0.517464848	
0.517399449	
0.517333881	
0.517268432	
0.517202864	
0.517137204	
0.517071558	
0.517005978	
0.51694026	
0.516874542	
0.516808772	
0.516743254	
0.516677406	
0.516612096	
0.516546384	
0.516454634	
0.515930554	
0.51540438	
0.514877716	
0.514354179	
0.513830433	
0.513303435	
0.512779371	
0.512272373	
0.511945822	
0.511618329	
0.511290363	
0.510962575	
0.510632984	
0.510303897	
0.509975719	
0.509648011	
0.509319324	
0.508992111	
0.508663582	
0.508335714	
0.508007515	
0.507679603	
0.507351772	
0.507022496	
0.506695062	
0.506367191	
0.50603861	
0.505709177	
0.505381303	
0.505051762	
0.50472296	
0.504499674	
0.504630521	
0.504761635	
0.504892291	
0.505022845	
0.505153722	
0.505284193	
0.505414778	
0.50547246	
0.505341221	
0.505210379	
0.505079514	
0.504948027	
0.504817179	
0.504685415	
0.504554168	
0.5044228	
0.504291815	
0.504160834	
0.504029447	
0.503898099	
0.503766728	
0.503635474	
0.503504369	
0.503373654	
0.503243816	
0.503111562	
0.502980184	
0.502849052	
0.502717573	
0.502586965	
0.502455479	
0.502323973	
0.502192332	
0.502060828	
0.501929582	
0.501798713	
0.501667356	
0.501536225	
0.501404734	
0.50144176	
0.501704199	
0.501965087	
0.502226501	
0.502487377	
0.502748535	
0.50301098	
0.503273435	
0.503418867	
0.503418898	
0.503418927	
0.503418953	
0.503418981	
0.50341901	
0.503419037	
0.503419066	
0.503419094	
0.503419124	
0.503419151	
0.503419179	
0.503419206	
0.503419231	
0.50341926	
0.503419287	
0.503419312	
0.50341934	
0.503419365	
0.503419391	
0.503419417	
0.503419447	
0.503419475	
0.503419501	
0.503419525	
0.503419553	
0.503419581	
0.503419607	
0.503419638	
0.503419669	
0.503419695	
0.503419718	
0.503419744	
0.503419772	
0.503419799	
0.503419826	
0.503419851	
0.503419882	
0.503419909	
0.503419935	
0.503419941	
0.503419941	
0.503419966	
0.503419992	
0.50342002	
0.503420046	
0.503420072	
0.503420097	
0.503420123	
0.503420149	
0.503420171	
0.503420196	
0.503420221	
0.503420251	
0.503420284	
0.50342031	
0.50342034	
0.503420368	
0.503416172	
0.503350717	
0.503285131	
0.503219816	
0.503154228	
0.503088777	
0.503023516	
0.502958248	
0.502892805	
0.502827346	
0.502761631	
0.502696047	
0.502630333	
0.502564739	
0.50249884	
0.502432972	
0.502367275	
0.502301754	
0.50223623	
0.502170851	
0.502105271	
0.502040393	
0.501974297	
0.501908768	
0.501842998	
0.501777741	
0.501712279	
0.501646703	
0.501571431	
0.501440039	
0.501308816	
0.501177053	
0.501045666	
0.500913783	
0.500782631	
0.500651429	
0.500520054	
0.500388777	
0.500257833	
0.500126592	
0.500038252	
0.500103597	
0.50016874	
0.500234274	
0.500299684	
0.500365044	
0.500430311	
0.500495524	
0.500543565	
0.50054359	
0.500543618	
0.500543642	
0.500543668	
0.500543693	
0.500543716	
0.500543739	
0.500543764	
0.500543788	
0.500543811	
0.500543838	
0.500543866	
0.500543895	
0.500543927	
0.500543955	
0.500523221	
0.500457642	
0.500392186	
0.500326409	
0.5002611	
0.500195449	
0.500129996	
0.500064614	
0.49999936	
0.499933581	
0.499867932	
0.4998024	
0.499736579	
0.499671193	
0.499605795	
0.499540159	
0.499474581	
0.499409118	
0.499343543	
0.49927822	
0.499212626	
0.49914692	
0.499081446	
0.499015565	
0.498920715	
0.498789291	
0.498658621	
0.498526987	
0.498397056	
0.498264772	
0.498133759	
0.498002144	
0.497871291	
0.497740696	
0.497609987	
0.497478369	
0.497441604	
0.497506947	
0.497572162	
0.497637584	
0.497702853	
0.497767945	
0.497833026	
0.497898178	
0.497898045	
0.497832529	
0.497767018	
0.497701356	
0.497635776	
0.497570517	
0.497504801	
0.497439479	
0.49737409	
0.497308449	
0.497242864	
0.49717744	
0.497111605	
0.49704595	
0.496980603	
0.49691509	
0.4968495	
0.496783829	
0.49671831	
0.496652713	
0.496586922	
0.496521463	
0.496455878	
0.49639043	
0.496324968	
0.496259506	
0.496193852	
0.496128261	
0.496062664	
0.495997011	
0.495931555	
0.495865702	
0.495800247	
0.495734593	
0.49566887	
0.495603412	
0.495537825	
0.495472565	
0.495406976	
0.495341182	
0.495275863	
0.495210072	
0.495144418	
0.495078574	
0.494966591	
0.494835124	
0.494703996	
0.494572895	
0.494441402	
0.494310544	
0.494178658	
0.494047673	
0.493916289	
0.493785185	
0.493653687	
0.493523717	
0.493542401	
0.493607808	
0.493673297	
0.493738432	
0.493803844	
0.493869247	
0.493934523	
0.493999903	
0.494012108	
0.494012135	
0.494012158	
0.494012183	
0.494012205	
0.494012232	
0.494012258	
0.494012286	
0.49401231	
0.494012337	
0.494012361	
0.494012387	
0.494012413	
0.494012437	
0.494012466	
0.494012493	
0.493953051	
0.493887529	
0.493821804	
0.493756228	
0.493690519	
0.493624682	
0.493559172	
0.493493836	
0.49342795	
0.4933627	
0.493297378	
0.493231669	
0.493166082	
0.493100303	
0.493034795	
0.49296921	
0.492903628	
0.492838234	
0.492772327	
0.492706944	
0.49264124	
0.492575848	
0.492510338	
0.492444745	
0.492379426	
0.492313908	
0.4922482	
0.49218295	
0.492117242	
0.492052376	
0.491985893	
0.491920054	
0.491854795	
0.491789218	
0.491723908	
0.491661592	
0.491661591	
0.491661591	
